#ID     log M_*  log M(HI)/M_* flag        ID    log$ M(HI) log$ M(HI)/M_*   R1
   1    10.43   -0.37            1          1    10.09      -0.34            64 
   2    10.62   -0.62            1          2     9.94      -0.68            52 
   3    10.42   -0.38            1          3     9.89      -0.53            45 
   4    10.57   -0.40            1          4    10.26      -0.31            67 
   5    10.32   -0.32            1          5    10.20      -0.12            80 
   6    10.84   -0.77            1          6    10.31      -0.53            87 
   7    10.37   -0.40            0          7    10.00      -0.37            41 
   8    10.28   -0.25            1          8    10.20      -0.08            69 
   9    10.76   -0.70            2          9     9.91      -0.85            45 
  10    10.91   -0.62            2         10    10.02      -0.89            45 
  11    10.64   -0.60            2         11     9.71      -0.93            40 
  12    10.63   -0.58            1         12    10.12      -0.51            67 
  13    10.84   -0.78            0         13    10.23      -0.61            64 
  14    10.79   -0.86            1         14    10.14      -0.65            69 
  15    10.82   -0.65            1         15    10.39      -0.43            119
  16    10.31   -0.21            1         16    10.00      -0.31            44 
  17    10.69   -0.68            1         17    10.34      -0.35            96 
  18    10.34   -0.33            1         18    10.07      -0.27            57 
  19    10.25   -0.27            1         19    10.17      -0.08            65 
  20    10.21   -0.02            1         20    10.21       0.00            58 
  21    10.41   -0.38            1         21     9.88      -0.53            49 
  22    10.82   -0.79            1         22    10.00      -0.82            52 
  23    10.75   -0.68            2         23     9.94      -0.81            48 
  24    10.71   -0.66            1         24    10.21      -0.50            70 
  25    10.54   -0.52            2         25     9.76      -0.78            40 
  26    10.31   -0.78            1         26     9.50      -0.81            33 
  27    10.30   -0.49            2         27     9.27      -1.03            24 
  28    10.54   -0.87            2         28     9.12      -1.42            35 
  29    10.52   -0.56            0         29    10.37      -0.15            75 
  30    10.39   -0.48            1         30    10.07      -0.32            55 
  31    10.18   -0.51            0         31    10.06      -0.12            46 
  32    10.29   -0.44            2         32     9.56      -0.73            40 
  33    10.74   -1.02            2         33     9.20      -1.54            29 
#  34    10.61   -1.14            0         34     0.00         --            -- 
  35    10.61   -0.77            1         35     9.93      -0.68            61 
  36    10.34   -0.48            2         36     9.39      -0.95            29 
  37    10.39   -0.46            2         37     9.70      -0.69            37 
  38    10.75   -0.86            2         38     8.75      -2.00            18 
  39    10.84   -1.14            2         39     9.14      -1.70            31 
  40    10.36   -0.48            2         40     9.65      -0.71            38 
#  41    10.79   -0.87            0         41       --         --            -- 
  42    10.80   -1.00            2         42     9.57      -1.23            38 
  43    10.26   -0.37            2         43     9.59      -0.67            38 
  44    10.78   -0.85            2         44     9.28      -1.50            27 
  45    10.68   -0.80            2         45     9.61      -1.07            36 
  46    10.68   -0.87            0         46    10.11      -0.57            43 
  47    10.53   -0.62            1         47    10.01      -0.52            66 
  48    10.75   -0.93            0         48     8.25      -2.50            13 
  49    10.42   -0.48            2         49     9.74      -0.68            42 
  50    10.87   -1.10            1         50     9.80      -1.07            45 
