      halo_1      20.0       4.3       2.4       1.3       3.3       4.0      20.0       3.1       2.1     0.311     0.094     0.026
      halo_2      37.0       3.5       1.8       1.0      12.1       2.6      37.0      14.3       1.7     0.217     0.077     0.030
      halo_3      31.0       4.4       2.3       1.2       8.2       4.7      31.0       9.3       3.1     0.285     0.098     0.026
      halo_4      24.5       9.5       4.9       2.4       3.5      12.3      24.5       8.2      11.7     0.555     0.277     0.100
      halo_5      21.0       5.3       2.9       1.5       3.4       6.3      21.0       4.6       3.6     0.372     0.135     0.032
      halo_6      26.0       4.6       1.9       1.0       7.0       2.3      26.0       8.0       1.0     0.238     0.102     0.022
      halo_7      25.0      10.8       5.8       2.7      10.3       9.0      25.0       6.9       6.4     0.593     0.328     0.128
      halo_8      25.0       3.7       1.9       1.0       6.3       0.7      25.0      11.5       0.5     0.236     0.077     0.021
      halo_9      19.0       3.4       1.8       1.0       2.8       3.4      19.0       3.4       1.5     0.197     0.066     0.018
     halo_10      16.0       7.8       4.1       1.5       0.8       7.2      16.0       2.0       4.3     0.423     0.225     0.070
     halo_11      16.0       7.5       4.5       2.5       0.6       9.7      16.0       5.0       9.2     0.593     0.250     0.044
     halo_12      19.0      11.1       4.8       2.0       2.6       8.9      19.0       5.8       7.2     0.507     0.268     0.121
     halo_13      15.5       4.9       2.5       1.4       0.2       5.7      15.4       3.0       5.4     0.332     0.113     0.051
     halo_14      26.0      10.4       6.2       2.9      12.1      10.2      26.0       6.0       5.9     0.632     0.349     0.126
     halo_15      23.0       9.0       4.7       2.1       7.8       5.4      23.0       7.6       3.8     0.510     0.259     0.089
     halo_16      36.0       5.6       2.4       1.2      13.3       2.9      36.0      13.5       2.3     0.305     0.133     0.031
     halo_17      16.0       5.7       3.4       1.7       2.2       3.7      16.0       2.0       1.8     0.425     0.160     0.025
     halo_18      21.0       2.4       1.5       0.8       2.7       1.8      21.0       4.3       0.8     0.149     0.022     0.002
     halo_19      24.0       3.3       1.9       1.1       4.5       4.0      24.0       7.5       2.7     0.229     0.068     0.019
     halo_20      30.0       8.0       4.3       2.1      13.5       6.4      30.0       7.7       3.1     0.522     0.237     0.069
     halo_21      24.0      10.1       4.5       2.0       7.7       7.2      24.0       8.0       5.4     0.489     0.250     0.110
     halo_22      13.5       3.3       1.5       0.9       0.7       2.1      13.5       2.0       1.1     0.171     0.049     0.005
     halo_23      25.0       3.6       2.1       1.2       7.0       4.1      25.0       5.8       2.0     0.263     0.070     0.021
     halo_24      30.0       3.1       1.7       0.9       6.5       2.7      30.0       7.7       1.0     0.184     0.053     0.009
     halo_25      21.0       6.4       3.0       1.4       6.3       1.9      21.0       9.3       1.8     0.374     0.159     0.041
     halo_26      18.0      17.7      10.4       3.5       0.3      12.3      18.0       2.3      12.0     0.611     0.462     0.278
     halo_27      26.0       5.5       2.7       1.4       7.1       6.8      26.0       6.7       3.8     0.341     0.126     0.038
     halo_28      17.5      19.5       9.2       4.3       1.1      10.5      17.5       3.5       9.9     0.668     0.487     0.240
     halo_29      19.0       8.9       5.3       3.0       5.8       3.0      19.0       6.7       2.8     0.650     0.317     0.086
     halo_30      17.0       7.8       3.8       2.0       1.2       5.7      17.0       5.6       5.5     0.492     0.200     0.075
