      halo_1      20.0       3.3       1.9       1.0       5.1       4.0      20.0       3.1       2.1     0.222     0.061     0.017
      halo_2      37.0       3.0       1.7       0.9      14.4       2.6      37.0      14.3       1.7     0.186     0.063     0.025
      halo_3      31.0       3.4       1.7       0.9      11.9       4.7      31.0       9.3       3.1     0.204     0.067     0.018
      halo_4      24.5       5.8       2.7       1.3       7.6      12.3      24.5       8.2      11.7     0.330     0.139     0.045
      halo_5      21.0       3.7       1.9       1.0       6.6       6.3      21.0       4.6       3.6     0.227     0.071     0.016
      halo_6      26.0       3.5       1.6       0.8       9.0       2.3      26.0       8.0       1.0     0.181     0.077     0.017
      halo_7      25.0       9.1       4.3       1.8      14.0       9.0      25.0       6.9       6.4     0.461     0.240     0.093
      halo_8      25.0       3.4       1.8       1.0       6.8       0.7      25.0      11.5       0.5     0.216     0.070     0.019
      halo_9      19.0       2.3       1.3       0.7       4.8       3.4      19.0       3.4       1.5     0.117     0.038     0.010
     halo_10      16.0       4.3       1.7       0.9       2.4       7.2      16.0       2.0       4.3     0.204     0.092     0.025
     halo_11      16.0       5.5       3.5       2.0       1.5       9.7      16.0       5.0       9.2     0.510     0.152     0.020
     halo_12      19.0       5.9       2.2       1.0       5.6       8.9      19.0       5.8       7.2     0.271     0.129     0.056
     halo_13      15.5       2.8       1.7       1.0       0.9       5.7      15.4       3.0       5.4     0.185     0.041     0.014
     halo_14      26.0       9.0       4.5       2.0      17.1      10.2      26.0       6.0       5.9     0.491     0.250     0.088
     halo_15      23.0       7.2       3.1       1.3      11.4       5.4      23.0       7.6       3.8     0.367     0.175     0.060
     halo_16      36.0       4.8       2.0       1.0      16.0       2.9      36.0      13.5       2.3     0.252     0.108     0.026
     halo_17      16.0       4.5       2.3       1.1       3.8       3.7      16.0       2.0       1.8     0.281     0.099     0.015
     halo_18      21.0       2.0       1.2       0.6       4.0       1.8      21.0       4.3       0.8     0.097     0.014     0.001
     halo_19      24.0       2.4       1.5       0.8       7.5       4.0      24.0       7.5       2.7     0.144     0.040     0.011
     halo_20      30.0       6.9       3.7       1.7      17.7       6.4      30.0       7.7       3.1     0.450     0.190     0.052
     halo_21      24.0       7.1       2.7       1.3      12.2       7.2      24.0       8.0       5.4     0.328     0.157     0.068
     halo_22      13.5       1.8       1.0       0.6       1.5       2.1      13.5       2.0       1.1     0.082     0.023     0.002
     halo_23      25.0       3.0       1.7       0.9       9.8       4.1      25.0       5.8       2.0     0.190     0.049     0.015
     halo_24      30.0       2.4       1.3       0.7       9.1       2.7      30.0       7.7       1.0     0.132     0.037     0.006
     halo_25      21.0       5.5       2.5       1.2       7.5       1.9      21.0       9.3       1.8     0.310     0.129     0.034
     halo_26      18.0      10.7       3.9       1.4       0.8      12.3      18.0       2.3      12.0     0.378     0.238     0.121
     halo_27      26.0       3.8       1.9       1.0      11.2       6.8      26.0       6.7       3.8     0.226     0.078     0.024
     halo_28      17.5      11.4       4.9       1.1       2.0      10.5      17.5       3.5       9.9     0.381     0.263     0.127
     halo_29      19.0       7.8       4.5       2.4       7.5       3.0      19.0       6.7       2.8     0.557     0.249     0.065
     halo_30      17.0       4.7       2.7       1.5       2.4       5.7      17.0       5.6       5.5     0.379     0.106     0.037
