      halo_1    2.7449898e+10    2.2784876e-01    2.4066458e-01
      halo_2    7.0447485e+10    2.4043779e-01    2.3797294e-01
      halo_3    7.7454894e+10    1.9111295e-01    1.7998009e-01
      halo_4    7.0954234e+10    9.4442887e-02    9.6748446e-02
      halo_5    6.7216473e+10    9.7964915e-02    9.4318683e-02
      halo_6    4.7519825e+10    2.3992390e-01    2.3748462e-01
      halo_7    4.8745992e+10    2.6967912e-01    2.8151995e-01
      halo_8    2.9897167e+10    4.2612682e-01    4.3373539e-01
      halo_9    6.1031750e+10    9.4910780e-02    9.3566556e-02
     halo_10    5.9390795e+10    3.5719623e-02    3.8840737e-02
     halo_11    6.9086091e+10    1.9862075e-02    2.4016018e-02
     halo_12    6.0099953e+10    1.0029947e-01    1.0432198e-01
     halo_13    6.1940240e+10    1.2750987e-02    1.7449172e-02
     halo_14    1.0393000e+11    1.7141035e-01    1.6942380e-01
     halo_15    3.9296454e+10    3.0444389e-01    3.0321056e-01
     halo_16    5.4099046e+10    3.5132296e-01    3.5054423e-01
     halo_17    7.6081835e+10    5.5843851e-02    5.8181397e-02
     halo_18    8.0369802e+10    5.8568720e-02    5.4136880e-02
     halo_19    5.3196998e+10    1.9638353e-01    1.9272502e-01
     halo_20    4.7401301e+10    3.8280601e-01    3.9385534e-01
     halo_21    7.7166656e+10    1.8743421e-01    1.8053099e-01
     halo_22    6.0197874e+10    2.2728057e-02    2.2728057e-02
     halo_23    9.0233029e+10    1.3844725e-01    1.3597231e-01
     halo_24    6.5540552e+10    2.1827146e-01    2.1546422e-01
     halo_25    3.1416127e+10    3.3180104e-01    3.3180104e-01
     halo_26    1.0967384e+11    4.5382824e-03    6.3420825e-03
     halo_27    9.6059452e+10    1.2481841e-01    1.1920104e-01
     halo_28    1.0447526e+11    1.8783706e-02    1.9704386e-02
     halo_29    9.0326119e+10    8.5083867e-02    8.0426674e-02
     halo_30    4.2508498e+10    5.7638806e-02    6.1798561e-02
