     halo_16      61.1      39.2       3.3      61.4      40.8       3.5
     halo_16      52.2      29.3       3.4      52.3      29.2       3.4
     halo_16      57.9      27.3       2.6      58.2      26.6       2.5
     halo_24      30.6      13.2       4.5      30.7      13.5       4.6
     halo_24      43.9      18.3       3.0      44.0      18.0       2.9
     halo_24      43.1      17.8       3.0      43.3      17.0       2.9
     halo_16      61.1      39.2       3.3      61.4      40.8       3.5
     halo_16      52.2      29.3       3.4      52.3      29.2       3.4
     halo_16      57.9      27.3       2.6      58.2      26.6       2.5
     halo_16      61.1      39.2       3.3      61.4      40.8       3.5
     halo_16      52.2      29.3       3.4      52.3      29.2       3.4
     halo_16      57.9      27.3       2.6      58.2      26.6       2.5
     halo_16      61.1      39.2       3.3      61.4      40.8       3.5
     halo_16      52.2      29.3       3.4      52.3      29.2       3.4
     halo_16      57.9      27.3       2.6      58.2      26.6       2.5
     halo_16      61.1      39.2       3.3      61.4      40.8       3.5
     halo_16      52.2      29.3       3.4      52.3      29.2       3.4
     halo_16      57.9      27.3       2.6      58.2      26.6       2.5
     halo_16      61.1      39.2       3.3      61.4      40.8       3.5
     halo_16      52.2      29.3       3.4      52.3      29.2       3.4
     halo_16      57.9      27.3       2.6      58.2      26.6       2.5
     halo_16      61.1      39.2       3.3      61.4      40.8       3.5
     halo_16      52.2      29.3       3.4      52.3      29.2       3.4
     halo_16      57.9      27.3       2.6      58.2      26.6       2.5
     halo_24      30.6      13.2       4.5      30.7      13.5       4.6
     halo_24      43.9      18.3       3.0      44.0      18.0       2.9
     halo_24      43.1      17.8       3.0      43.3      17.0       2.9
      halo_6      13.9       1.9       3.1      14.0       2.1       3.4
      halo_6      38.0      15.0       3.3      38.2      14.8       3.2
      halo_6      29.8       6.7       2.4      29.9       6.4       2.3
