      halo_1      29.8       8.2       2.9      30.0       8.8       3.1
      halo_2      49.9      22.3       2.9      50.0      22.0       2.8
      halo_3      42.0      18.3       3.3      42.1      17.0       3.1
      halo_4      23.3       7.5       4.4      23.9       7.7       4.3
      halo_5      24.5       7.3       3.9      24.7       7.0       3.7
      halo_6      38.0      15.0       3.3      38.2      14.8       3.2
      halo_7      35.6      18.0       4.5      35.8      19.1       4.8
      halo_8      54.8      22.2       2.3      55.1      22.8       2.4
      halo_9      24.4       6.4       3.4      24.6       6.3       3.3
     halo_10      13.4       2.2       3.9      13.7       2.4       4.1
     halo_11      15.0       1.4       2.0      14.9       1.7       2.4
     halo_12      20.2       6.7       5.2      20.5       7.1       5.4
     halo_13       6.4       0.8       6.3       6.6       1.2       8.5
     halo_14      34.8      21.5       5.6      34.9      21.2       5.5
     halo_15      34.1      17.2       4.7      34.1      17.1       4.7
     halo_16      52.2      29.3       3.4      52.3      29.2       3.4
     halo_17      20.2       4.5       3.5      20.3       4.6       3.6
     halo_18      25.0       5.0       2.6      25.1       4.6       2.3
     halo_19      36.2      13.0       3.2      36.3      12.7       3.1
     halo_20      47.2      29.4       4.2      47.5      30.9       4.4
     halo_21      34.8      17.8       4.7      34.9      17.0       4.4
     halo_22      11.1       1.4       3.6      11.3       1.4       3.5
     halo_23      34.9      14.5       3.8      35.0      14.1       3.7
     halo_24      43.9      18.3       3.0      44.0      18.0       2.9
     halo_25      37.8      15.5       3.5      38.0      15.6       3.4
     halo_26       6.2       0.5       4.3       6.6       0.8       5.8
     halo_27      31.9      13.7       4.3      32.1      13.0       4.0
     halo_28      14.8       2.0       2.9      14.9       2.1       3.0
     halo_29      21.2       8.4       5.9      21.2       7.9       5.6
     halo_30      20.6       3.0       2.2      20.8       3.1       2.3
