      halo_1      19.2      17.3     -23.8
      halo_2      35.9      30.0     -24.6
      halo_3      30.3      28.6     -24.8
      halo_4      21.4      19.3     -25.0
      halo_5      19.9      18.9     -24.7
      halo_6      24.9      23.0     -24.1
      halo_7      23.0      20.5     -24.5
      halo_8      25.2      12.4     -23.1
      halo_9      19.3      18.6     -24.4
     halo_11      27.8      24.6     -24.8
     halo_12      17.5      16.5     -24.7
     halo_13      13.9      11.1     -24.6
     halo_14      23.4      22.0     -25.3
     halo_15      22.9      21.8     -24.3
     halo_16      32.1      27.9     -24.3
     halo_17      15.8      13.8     -24.6
     halo_18      19.1      17.5     -24.7
     halo_19      26.8      25.7     -24.5
     halo_20      30.0      29.3     -24.4
     halo_21      25.1      23.2     -24.9
     halo_22      11.7      10.6     -24.3
     halo_23      25.5      24.1     -24.8
     halo_24      30.3      28.5     -24.5
     halo_25      21.2      17.5     -23.5
     halo_26      15.6      13.0     -25.2
     halo_27      25.4      24.5     -25.0
     halo_28      15.7      13.1     -25.2
     halo_29      17.2      14.7     -24.7
     halo_30      16.9      14.2     -24.4
