# type (1 thin disk, 2 thick disk, 3 transition) [Fe/H] [O/H]
 2 -0.11 -0.03
 1 -0.45 -0.22
 3 -0.34 -0.13
 2 -0.59 -0.03
 2 -0.33  0.05
 2 -0.38 -0.24
 2 -0.42 -0.03
 1  0.20  0.09
 1 -0.31 -0.08
 1 -0.47 -0.37
 1  0.14  0.06
 1  0.26  0.27
 1  0.14  0.12
 2 -0.59 -0.17
 1  0.19  0.14
 2 -0.84 -0.36
 1  0.24  0.17
 1  0.05  0.02
 1  0.06  0.05
 1  0.13  0.08
 1 -0.30 -0.19
 1  0.06  0.00
 1  0.10  0.16
 1  0.19  0.14
 1  0.04  0.01
 1 -0.62 -0.39
 2 -0.34  0.05
 1  0.33  0.19
 2  0.30  0.31
 1  0.03  0.00
 1 -0.06  0.00
 1 -0.48 -0.21
 2 -0.02  0.05
 2 -0.57 -0.10
 1  0.09  0.03
 1  0.12  0.08
 1  0.23  0.27
 2 -0.57 -0.15
 1 -0.39 -0.22
 1  0.03 -0.08
 1  0.25  0.21
 1  0.32  0.19
 1 -0.40 -0.24
 2 -0.46  0.04
 1  0.12  0.15
 1 -0.24 -0.18
 1  0.16  0.20
 3  0.37  0.36
 2 -0.20  0.04
 1  0.03  0.07
 2  0.25  0.36
 1  0.03  0.08
 1  0.37  0.29
 3 -0.32 -0.08
 1 -0.22 -0.08
 2 -0.65 -0.23
 1  0.27  0.13
 1 -0.73 -0.33
 2 -0.38  0.07
 1  0.22  0.21
 2 -0.13  0.11
 2 -0.08 -0.07
 1 -0.17 -0.15
 2 -0.30  0.07
 1  0.22  0.22
 1  0.20  0.10
 1  0.35  0.24
 1  0.12  0.06
 2 -0.01  0.02 
