4.00  0.013  1.545 10.780 15.000 15.000 15.000 15.000                                                         
4.10  0.175  0.480  7.098 15.000 15.000 15.000 15.000                                                         
4.20  0.713  0.094  4.630 15.000 15.000 15.000 15.000                                                         
4.30  1.256  0.025  2.951 13.067 15.000 15.000 15.000                                                         
4.40  1.638  0.018  1.760  9.452 15.000 15.000 15.000                                                         
4.50  1.967  0.058  0.938  6.710 14.681 15.000 15.000                                                         
4.60  2.368  0.209  0.424  4.650 10.387 15.000 15.000                                                         
4.70  2.892  0.497  0.168  3.137  7.074 15.000 15.000                                                         
4.80  3.485  0.862  0.069  2.005  4.489 15.000 15.000                                                         
4.90  4.104  1.256  0.061  1.140  2.445 15.000 15.000                                                         
5.00  4.838  1.770  0.220  0.582  0.926 15.000 15.000                                                         
5.10  6.034  2.751  0.882  0.639  0.196 15.000 15.000                                                         
5.20  7.541  4.048  1.890  1.131  0.040 10.881 15.000                                                         
5.30  8.964  5.266  2.845  1.640  0.011  8.168 15.000                                                         
5.40 10.236  6.341  3.677  2.083  0.004  6.003 14.668                                                         
5.50 11.372  7.285  4.395  2.458  0.002  4.263 10.788                                                         
5.60 12.384  8.111  5.010  2.767  0.001  2.858  7.660                                                         
5.70 13.268  8.816  5.517  2.999  0.009  1.734  5.143                                                         
5.80 14.051  9.420  5.933  3.166  0.060  0.892  3.169                                                         
5.90 14.824 10.024  6.360  3.367  0.238  0.394  1.748                                                         
6.00 15.000 10.716  6.882  3.684  0.571  0.234  0.831                                                         
6.10 15.000 11.543  7.545  4.160  1.060  0.355  0.327                                                         
6.20 15.000 12.486  8.329  4.773  1.665  0.667  0.117                                                         
6.30 15.000 13.443  9.134  5.421  2.281  1.032  0.045                                                         
6.40 15.000 14.363  9.913  6.046  2.853  1.377  0.019                                                         
6.50 15.000 15.000 10.647  6.638  3.370  1.684  0.009                                                         
6.60 15.000 15.000 11.339  7.195  3.838  1.955  0.005                                                         
6.70 15.000 15.000 11.991  7.719  4.264  2.194  0.003                                                         
6.80 15.000 15.000 12.613  8.214  4.656  2.406  0.002                                                         
6.90 15.000 15.000 13.209  8.686  5.019  2.596  0.001                                                         
7.00 15.000 15.000 13.783  9.139  5.358  2.769  0.001                                                         
7.10 15.000 15.000 14.339  9.574  5.676  2.927  0.001                                                         
7.20 15.000 15.000 14.879  9.993  5.978  3.073  0.000                                                         
7.30 15.000 15.000 15.000 10.405  6.269  3.210  0.000                                                         
7.40 15.000 15.000 15.000 10.808  6.552  3.344  0.000                                                         
7.50 15.000 15.000 15.000 11.197  6.820  3.471  0.000                                                         
7.60 15.000 15.000 15.000 11.571  7.075  3.589  0.000                                                         
7.70 15.000 15.000 15.000 11.936  7.321  3.702  0.000                                                         
7.80 15.000 15.000 15.000 12.294  7.560  3.812  0.000                                                         
7.90 15.000 15.000 15.000 12.646  7.794  3.919  0.000                                                         
8.00 15.000 15.000 15.000 12.993  8.025  4.024  0.000                                                         
8.10 15.000 15.000 15.000 13.337  8.252  4.129  0.000                                                         
8.20 15.000 15.000 15.000 13.677  8.476  4.232  0.000                                                         
8.30 15.000 15.000 15.000 14.014  8.699  4.335  0.000                                                         
8.40 15.000 15.000 15.000 14.349  8.919  4.438  0.000                                                         
8.50 15.000 15.000 15.000 14.682  9.138  4.540  0.000                                                         
8.60 15.000 15.000 15.000 15.000  9.356  4.643  0.000                                                         
8.70 15.000 15.000 15.000 15.000  9.573  4.745  0.000                                                         
8.80 15.000 15.000 15.000 15.000  9.789  4.848  0.000                                                         
8.90 15.000 15.000 15.000 15.000 10.005  4.951  0.000                                                         
9.00 15.000 15.000 15.000 15.000 10.220  5.054  0.000   