#galaxy mu_0             h(arc)             mu_bulge            r_eff               n                 ext      v_hel  b/a    D(Mpc)
00093 22.35 0.03 0.03    21.63 1.47 1.55    22.16 0.07 0.06     1.34  0.05  0.06    0.50 0.08 0.07    0.246    4951. 0.64     67.0 
00334 23.37 0.06 0.10    21.19 3.09 3.12    24.82 0.25 0.48     3.20  1.12  1.00    0.99 0.19 0.50    0.240    4627. 0.76     62.4
00438 20.58 0.13 0.14    14.33 0.34 0.71    22.97 0.65 0.54     9.72  7.51  3.89    2.71 0.41 0.29    0.153    4534. 0.78     61.0
00463 20.76 0.04 0.04    12.99 0.31 0.33    20.51 0.00 0.00     1.57  0.03  0.02    0.37 0.01 0.01    0.392    4452. 0.83     59.6
00490 21.31 0.03 0.02    16.38 0.50 0.47    22.03 0.15 0.13     3.41  0.35  0.29    1.56 0.13 0.11    0.215    4552. 0.71     60.9
00508 21.69 0.07 0.07    25.58 1.43 1.53    20.29 0.11 0.06     3.82  0.20  0.15    1.38 0.13 0.05    0.298    4661. 0.89     62.8
00628 22.78 0.08 0.06    14.28 1.40 1.24    24.19 0.29 0.17     2.85  0.95  0.50    0.67 0.27 0.18    0.190    5446. 0.63     72.7
01305 22.25 0.05 0.06    38.06 2.79 2.62    22.37 0.14 0.13     7.98  0.83  0.67    1.99 0.13 0.11    0.307    2665. 0.81     35.7
01455 22.37 0.13 0.15    25.18 3.20 3.16    21.29 0.28 0.28     3.79  0.63  0.53    1.70 0.29 0.29    0.445    5117. 0.94     68.1
01551 22.55 0.02 0.02    26.93 1.67 1.76    23.95 0.04 0.02     2.40  0.14  0.17    0.57 0.00 0.00    0.391    2671. 0.89     35.8
01559 22.57 0.04 0.06    20.60 1.77 1.84    23.08 0.02 0.01     4.71  0.13  0.17    0.58 0.01 0.01    0.266    3619. 0.87     48.1
01577 21.83 0.10 0.15    17.59 2.28 2.46    21.15 0.13 0.14     2.77  0.24  0.29    1.20 0.15 0.13    0.247    5276. 0.79     70.4
01719 22.65 0.08 0.11    24.13 2.43 2.40    22.25 0.18 0.19     4.47  0.54  0.54    1.94 0.16 0.17    0.351    8213. 0.74    109.4 
01792 21.71 0.02 0.02    17.57 0.46 0.48    21.38 0.01 0.01     1.91  0.02  0.03    0.53 0.01 0.01    0.385    4987. 0.59     66.5
02064 22.45 0.03 0.04    21.67 1.15 1.22    22.00 0.08 0.11     1.76  0.10  0.12    1.32 0.05 0.06    0.570    4265. 0.70     56.6
02081 22.35 0.07 0.08    19.44 2.43 2.14    23.65 0.05 0.05     2.39  0.50  0.42    0.67 0.08 0.08    0.112    2616. 0.60     34.5
02124 22.19 0.06 0.06    21.35 1.48 1.54    20.65 0.01 0.01     4.58  0.04  0.04    0.71 0.02 0.02    0.139    2631. 0.88     34.7
02125 23.08 0.02 0.04    26.33 1.73 1.76    21.85 0.04 0.05     2.84  0.08  0.07    1.49 0.08 0.09    0.610    5187. 0.96     69.3
02197 22.58 0.02 0.03    18.08 0.85 0.84    23.41 0.10 0.09     2.77  0.23  0.19    0.73 0.10 0.09    0.927    5098. 0.62     68.1
02368 22.04 0.02 0.01    18.84 0.45 0.46    19.03 0.10 0.10     0.82  0.03  0.04    2.49 0.23 0.22    0.721    3568. 0.92     47.2
03066 22.03 0.06 0.07    14.09 0.80 0.90    22.84 0.07 0.16     1.22  0.16  0.19    0.52 0.05 0.16    1.332    4640. 0.73     62.1
03080 22.19 0.03 0.03    19.50 1.52 1.63    22.42 0.04 0.06     1.39  0.06  0.08    0.32 0.04 0.08    0.372    3541. 0.91     47.5
03140 21.05 0.16 0.14    13.71 0.49 0.77    22.16 1.35 0.83     4.83  6.53  1.94    2.87 1.28 0.82    0.349    4633. 0.94     62.1
04126 21.69 0.05 0.08    20.81 1.30 1.47    20.86 0.06 0.09     2.27  0.12  0.15    1.16 0.04 0.05    0.224    4841. 0.85     68.9
04256 21.32 0.01 0.00    20.49 0.40 0.39    20.10 0.04 0.03     1.07  0.01  0.01    1.47 0.09 0.07    0.231    5260. 0.86     74.7
04308 21.47 0.02 0.02    22.21 0.84 0.88    20.55 0.03 0.04     1.48  0.03  0.03    0.64 0.03 0.03    0.168    3566. 0.77     52.1
04368 21.54 0.06 0.08    17.66 1.16 1.34    22.17 0.01 0.00     2.29  0.14  0.20    0.42 0.03 0.04    0.162    3870. 0.80     56.4
04375 21.31 0.08 0.12    19.86 1.62 1.89    22.19 0.17 0.21     2.62  0.57  0.60    0.93 0.13 0.16    0.194    2061. 0.66     31.7
04422 22.14 0.03 0.07    32.40 3.43 3.87    20.48 0.02 0.02     3.50  0.04  0.05    0.46 0.02 0.02    0.172    4330. 0.82     62.7
04458 22.91 0.21 0.27    29.09 3.81 3.67    21.13 0.16 0.21     7.51  0.72  0.88    2.70 0.17 0.22    0.150    4741. 0.87     68.4
05103 20.51 0.06 0.09    17.36 0.94 1.14    19.85 0.05 0.06     1.77  0.08  0.11    0.65 0.05 0.06    0.114    3730. 0.61     56.0
05303 21.25 0.02 0.03    32.83 0.86 0.91    21.32 0.01 0.01     3.71  0.08  0.09    0.73 0.00 0.01    0.148    1408. 0.59     23.9
05510 20.67 0.04 0.04    20.30 0.73 0.80    19.53 0.07 0.08     1.61  0.06  0.07    1.18 0.08 0.08    0.100    1298. 0.81     23.0
05554 21.06 0.05 0.05    19.12 0.77 0.82    19.56 0.06 0.08     1.95  0.06  0.07    1.08 0.07 0.08    0.116    1217. 0.69     21.6
05633 23.00 0.34 0.19    26.15 9.07 5.54    23.78 1.04 0.30     5.05  7.92  1.43    0.84 0.78 0.29    0.186    1383. 0.63     24.1
05842 21.95 0.00 0.01    55.99 0.53 0.53    21.75 0.00 0.00     2.75  0.01  0.00    0.48 0.00 0.00    0.121    1260. 0.85     22.3
06077 21.06 0.05 0.08    18.77 1.15 1.33    20.42 0.05 0.08     1.50  0.08  0.10    0.80 0.04 0.05    0.092    1434. 0.82     26.3
06277 20.76 0.01 0.03    24.98 0.61 0.62    19.61 0.07 0.07     1.65  0.06  0.06    1.59 0.09 0.08    0.095    1193. 0.88     22.5
06445 20.65 0.32 0.12    16.73 1.83 1.08    20.26 1.06 0.16     3.91  3.39  0.38    1.04 0.96 0.15    0.113    1239. 0.84     24.9
06453 20.39 0.01 0.02    16.84 0.30 0.31    20.98 0.03 0.03     2.55  0.07  0.06    0.61 0.03 0.03    0.111    1163. 0.75     22.8
06460 20.66 0.03 0.02    26.51 0.72 0.77    19.51 0.03 0.03     2.05  0.04  0.04    0.74 0.03 0.02    0.105    1156. 0.75     22.6
06693 21.88 0.00 0.00    23.32 0.64 0.65    22.05 0.01 0.01     1.27  0.02  0.02    0.63 0.00 0.01    0.105    6909. 0.85    101.9 
06746 21.46 0.16 0.10    18.09 2.63 1.63    20.51 0.18 0.07     2.95  0.35  0.16    1.07 0.22 0.08    0.105    6946. 0.76    103.6
06754 22.96 0.01 0.14    39.92 2.57 6.16    21.80 0.02 0.28     4.58  0.06  0.20    1.19 0.04 0.61    0.116    7025. 0.89    103.6
07169 19.94 0.03 0.02    12.71 0.32 0.32    20.12 0.07 0.05     1.69  0.08  0.06    0.90 0.07 0.05    0.145    2167. 0.81     14.1
07315 20.08 0.05 0.18    15.16 0.66 1.53    20.76 0.19 0.34     2.10  0.34  0.58    0.81 0.16 0.30    0.130     867. 0.67     14.1
07450 21.14 0.05 0.06    62.02 3.30 3.64    19.48 0.01 0.01     6.88  0.04  0.06    0.37 0.02 0.02    0.113    1571. 0.89     14.1
07523 21.22 0.07 0.07    32.05 1.72 1.80    19.96 0.05 0.05     5.50  0.18  0.21    1.27 0.04 0.05    0.131     922. 0.81     14.1
07594 21.34 0.21 0.21    57.14 4.43 5.02    22.40 0.81 0.73    30.23 20.86 11.45    3.94 0.70 0.63    0.120    1954. 0.69     14.1
07901 19.77 0.01 0.00    20.47 0.22 0.21    20.04 0.02 0.02     2.69  0.03  0.04    1.24 0.02 0.02    0.115     805. 0.67     14.0
08289 21.81 0.01 0.01    34.59 1.14 1.26    19.16 0.00 0.00     2.89  0.00  0.01    0.55 0.01 0.00    0.103    3362. 0.89     53.8
08865 21.79 0.11 0.17    29.37 2.90 3.27    20.71 0.09 0.11     5.26  0.35  0.44    1.30 0.08 0.10    0.089    2386. 0.76     40.7
09024 24.37 0.00 0.00    32.84 0.01 0.00    22.13 0.00 0.00     2.75  0.00  0.00    1.34 0.00 0.00    0.117    2323. 0.90     39.7
09061 22.66 0.01 0.02    60.97 4.52 4.72    20.65 0.02 0.02     3.67  0.03  0.04    0.98 0.03 0.02    0.103    5443. 0.91     83.5
09481 21.33 0.04 0.05    18.63 0.90 0.99    21.41 0.03 0.04     1.92  0.09  0.11    0.66 0.03 0.03    0.074    3742. 0.74     59.6
09926 20.12 0.59 0.11    17.91 4.43 1.35    20.16 1.88 0.24     3.43  9.80  0.47    1.12 1.48 0.25    0.235    1958. 0.72     34.2
09943 20.30 0.23 0.31    19.25 2.53 3.00    21.05 0.21 0.24     5.63  1.80  1.88    0.97 0.17 0.25    0.179    1957. 0.64     33.9
10083 20.87 0.08 0.07    17.64 1.01 0.97    23.75 0.08 0.19     7.61  2.27  2.23    2.11 0.00 0.02    0.157    1854. 0.82     32.6
10445 22.08 0.03 0.06    26.13 3.62 3.84    22.77 0.03 0.01     4.01  0.18  0.27    0.51 0.02 0.03    0.139     963. 0.78     20.0
10584 21.89 0.02 0.03    23.94 1.64 1.74    20.91 0.01 0.02     1.86  0.02  0.03    0.38 0.02 0.02    0.055    5260. 0.88     77.9
11628 22.81 0.08 0.11    50.63 7.58 7.57    21.45 0.10 0.13     7.75  0.49  0.60    2.18 0.09 0.12    0.423    4211. 0.70     61.1
11708 21.51 0.05 0.06    17.73 1.27 1.36    21.68 0.05 0.05     2.05  0.13  0.15    0.82 0.04 0.05    0.291    4163. 0.81     59.8
11872 20.81 0.49 0.42    20.37 2.87 2.34    20.96 0.12 0.14    12.26  2.30  2.39    1.49 0.09 0.11    0.310    1150. 0.74     18.6
12151 23.10 0.00 0.13    23.47 2.55 6.63    23.83 0.28 0.00     3.84  0.14  0.24    0.15 0.00 0.00    0.300    1755. 0.87     25.7
12343 21.45 0.03 0.04    39.29 1.55 1.71    21.46 0.02 0.04     6.52  0.20  0.21    0.95 0.03 0.05    0.482    2381. 0.77     33.7
12379 22.15 0.20 0.24    20.25 3.27 3.15    21.35 0.46 0.37     3.61  1.11  0.73    1.89 0.47 0.36    0.362    6213. 0.91     84.9
12391 21.68 0.06 0.11    16.32 1.54 1.92    19.73 0.18 0.33     0.56  0.02  0.02    0.56 0.26 0.41    0.371    4887. 0.89     66.8
12511 22.43 0.01 0.02    23.59 0.87 0.90    22.22 0.05 0.04     1.61  0.05  0.05    0.75 0.04 0.03    0.171    3554. 0.82     48.9
12614 20.98 0.01 0.02    21.19 0.46 0.48    19.23 0.02 0.02     1.09  0.01  0.01    0.73 0.02 0.03    0.211    3489. 0.74     48.0
12638 22.48 0.00 0.01    28.33 1.67 1.69    22.94 0.09 0.10     3.13  0.20  0.20    1.91 0.08 0.08    0.303    5642. 0.81     76.5
12654 21.89 0.01 0.02    21.80 0.81 0.82    22.94 0.03 0.02     3.13  0.12  0.12    1.05 0.02 0.02    0.268    4041. 0.82     55.2
12754 21.48 0.04 0.05    42.37 2.97 3.20    21.76 0.02 0.02     5.72  0.26  0.31    0.87 0.02 0.02    0.324     751. 0.70     12.5
12776 23.54 0.00 0.01    74.88 6.50 6.37    21.69 0.04 0.04     6.19  0.13  0.14    2.27 0.05 0.05    0.263    4937. 0.88     67.2
12808 20.17 0.02 0.02    12.57 0.25 0.26    18.20 0.03 0.04     0.92  0.01  0.02    1.30 0.04 0.04    0.320    4211. 0.93     57.2
12845 22.77 0.02 0.03    25.36 1.40 1.45    23.18 0.02 0.02     2.92  0.10  0.11    0.68 0.03 0.02    0.237    4875. 0.81     66.2

