#Galaxy & Morph. & Dist & $b/a$ & $\mu_{0,B}$ & $\log(h_B)$ & $\mu_{0,R}$ & $\log(h_R)$ & $W_{20}$ \\
#Name   &type (T)& (Mpc)&       & mag arcsec$^{-2}$ & (kpc) & mag arcsec$^{-2}$ & (kpc) & km s$^{-1}$ \\
UGC~00334  9    60.2  0.77   23.163             0.780  22.200             0.774  124 
UGC~00438  5    58.7  0.78   20.459             0.600  19.289             0.591  372 
UGC~00490  5    59.0  0.71   21.461             0.721  19.724             0.606  360 
UGC~00508  2    60.7  0.89   21.422             0.865  19.686             0.797  488 
UGC~00628  9    70.6  0.63   22.670             0.676  21.676             0.653  228 
UGC~01305  4    35.7  0.81   21.593             0.705  20.206             0.703  329 
UGC~01551  8    36.0  0.89   22.147             0.653  21.008             0.624  132 
UGC~01577  4    69.1  0.79   21.620             0.759  20.232             0.749  287 
UGC~01719  3   107.6  0.74   22.163             1.029  20.688             0.982  505 
UGC~02064  4    56.5  0.70   21.873             0.741  20.517             0.703  263 
UGC~02124  0    35.7  0.88   22.127             0.569  20.637             0.608  181 
UGC~02368  3    48.0  0.92   21.142             0.568  19.822             0.512  385 
UGC~03080  5    49.5  0.91   21.825             0.661  20.397             0.570  170 
UGC~03140  5    63.8  0.94   20.690             0.616   0.000             0.000  145 
UGC~04126  3    70.2  0.85   21.436             0.820  20.024             0.764  295 
UGC~04256  5    75.3  0.86   21.084             0.856   0.000             0.000  205 
UGC~04308  5    54.1  0.77   21.191             0.701  20.041             0.665  263 
UGC~04368  6    58.1  0.80   21.387             0.681  20.263             0.654  248 
UGC~04375  5    34.5  0.66   21.190             0.516  19.990             0.476  295 
UGC~04422  4    66.1  0.82   21.978             1.004  20.657             0.968  376 
UGC~04458  1    69.5  0.87   22.784             0.978  21.239             0.940  285 
UGC~05103  3    57.3  0.61   20.494             0.673  19.492             0.616  398 
UGC~05303  5    24.8  0.59   21.207             0.592  20.069             0.547  294 
UGC~05510  4    24.9  0.81   20.609             0.385  19.577             0.348  187 
UGC~05554  1    23.9  0.69   21.022             0.341  19.654             0.298  284 
UGC~05633  8    25.9  0.63   22.967             0.523  21.978             0.545  177 
UGC~05842  6    22.4  0.85   21.815             0.743  20.617             0.602  166 
UGC~06077  3    26.9  0.82   20.959             0.371  19.738             0.348  142 
UGC~06277  5    15.7  0.88   20.890             0.333  19.730             0.284  134 
UGC~06445  4    24.5  0.84   20.562             0.294  19.159             0.228  184 
UGC~06453  4    23.5  0.75   20.328             0.279   0.000             0.000  241 
UGC~06460  4    23.4  0.75   20.609             0.474  19.569             0.450  202 
UGC~06693  4    99.5  0.85   21.571             0.947  20.273             0.894  189 
UGC~06746  0    99.2  0.76   21.406             0.921  20.355             0.959  551 
UGC~06754  3   101.3  0.89   23.140             1.332  21.068             1.103  224 
UGC~07169  5    36.3  0.81   19.827             0.343  18.613             0.263  227 
UGC~07315  4    09.2  0.67   20.037             -0.17  18.878           -0.164   250 
UGC~07450  4    29.0  0.89   21.038             0.935  19.782             0.912  268 
UGC~07523  3    12.3  0.81   21.143             0.279  19.869             0.241  178 
UGC~07594  2    33.9  0.69   21.305             0.970  20.063             0.963  306 
UGC~07901  5    8.8  0.67   19.746             -0.060 18.377           -0.142   384 
UGC~08289  4    53.2  0.89   21.711             0.940  20.244             0.781  243 
UGC~08865  2    38.6  0.76   21.753             0.733  20.666             0.730  302 
UGC~09061  4    79.9  0.91   22.547             1.360  21.174             1.274  195 
UGC~09481  4    56.4  0.74   21.270             0.688  20.122             0.650  243 
UGC~09926  5    30.8  0.71   19.945             0.421   0.000             0.000  351 
UGC~09943  5    30.7  0.64   20.207             0.451  19.284             0.460  326 
UGC~10083  2    28.7  0.82   20.791             0.391  19.428             0.335  178 
UGC~10445  6    15.1  0.78   21.994             0.280  21.040             0.173  159 
UGC~10584  5    73.0  0.88   21.837             0.915  20.539             0.852  261 
UGC~11628  2    55.6  0.70   22.467             1.124  20.646             0.952  503 
UGC~11708  5    54.6  0.81   21.249             0.661  20.039             0.663  297 
UGC~11872  3    15.7  0.74   21.015             0.222  19.032             0.129  312 
UGC~12151 10    23.0  0.87   22.822             0.414  21.981             0.361  180 
UGC~12343  5    31.0  0.77   21.023             0.767  19.800             0.766  376 
UGC~12379  4    80.6  0.91   21.792             0.886  20.326             0.893  308 
UGC~12391  5    62.9  0.89   21.312             0.685  20.071             0.665  216 
UGC~12511  6    45.9  0.82   22.282             0.712  20.685             0.567  278 
UGC~12614  5    45.0  0.74   20.816             0.657  19.609             0.636  315 
UGC~12638  5    72.7  0.81   21.913             0.861  20.615             0.830  303 
UGC~12654  4    52.1  0.82   21.519             0.684  20.340             0.655  237 
UGC~12754  6    11.5  0.70   21.231             0.370  20.207             0.321  206 
UGC~12776  3    64.1  0.88   23.305             1.355  21.834             1.149  256 
UGC~12808  3    54.4  0.93   19.839             0.503  18.659             0.504  362 
F561-1     9    70.1  0.91   22.738             0.478  21.843             0.437  069 
F563-1     9    53.9  0.91   23.716             0.730  22.602             0.628  115 
F563-V1   10    59.5  0.500  23.669             0.450  22.358             0.432  097 
F563-V2   10    64.5  0.88   22.061             0.368   0.000             0.000  132 
F564-v3   10    5.9  0.87   23.824             -0.519 22.890           -0.588   065 
F565-V2   10    56.7  0.50   24.065             0.463  23.394             0.438  126 
F567-2     9    83.5  0.94   23.995             0.692  22.936             0.577  074 
F568-1     5    94.1  0.90   23.617             0.775  22.619             0.710  150 
F568-3     7    86.1  0.77   22.571             0.575  21.611             0.528  180 
F568-V1    7    84.5  0.77   22.741             0.484  21.942             0.466  176 
F571-5     9    65.1  0.77   23.362             0.496  22.647             0.448  179 
F571-V1    7    84.2  0.82   23.590             0.511  22.637             0.472  084 
F574-2     9    91.9  0.88   24.102             0.754  23.027             0.635  068 
F577-V1    7   103.7  0.82   23.787             0.799  23.046             0.718  094 
F583-1     9    35.1  0.45   23.012             0.318  22.234             0.275  183 
UGC~1230   9    50.4  0.94   23.208             0.677  22.333             0.609  115 
UGC~128    8    58.9  0.55   23.405             0.864  22.488             0.764  214 
1150280    5    88.2  0.62   20.772             0.657  19.639             0.640  190 
2520100    3   130.9  0.76   23.894             1.406  21.106             0.929  434 
0350110    1    86.1  0.77   20.829             0.690  19.529             0.648  285 
3740090    1    41.8  0.81   22.704             0.428  21.145             0.374  076 
4220090    7    65.9  0.91   22.901             0.717  21.796             0.589  078 
4250180    7    95.1  0.84   23.378             0.945  21.932             0.821  101 
4990110    7    41.0  0.83   22.738             0.423  21.995             0.498  090 
0050050    8    77.2  0.92   22.453             0.705  21.454             0.621  132 
0540240    2   198.7  0.84   23.555             1.111  22.289             1.012  399 
5520190    2   159.5  0.62   22.488             1.115  20.810             0.942  459 
0590090    8    18.4  0.88   21.847             0.283  20.812             0.262  053 
1220040    1   127.0  0.63   23.272             1.227  21.213             0.882  101 
 
