#Galaxy & Morph. & Dist & $b/a$ & $\mu_{0,B}$ & $\log(h_B)$ & $\mu_{0,R}$ & $\log(h_R)$ & $W_{20}$ \\
#Name   &type (T)& (Mpc)&       & mag arcsec$^{-2}$ & (kpc) & mag arcsec$^{-2}$ & (kpc) & km s$^{-1}$ \\
F561-1     9    70.1  0.91   22.738             0.478  21.843             0.437  069 
F563-1     9    53.9  0.91   23.716             0.730  22.602             0.628  115 
F563-V1   10    59.5  0.500  23.669             0.450  22.358             0.432  097 
F563-V2   10    64.5  0.88   22.061             0.368   0.000             0.000  132 
F564-v3   10    5.9  0.87   23.824             -0.519 22.890           -0.588   065 
F565-V2   10    56.7  0.50   24.065             0.463  23.394             0.438  126 
F567-2     9    83.5  0.94   23.995             0.692  22.936             0.577  074 
F568-1     5    94.1  0.90   23.617             0.775  22.619             0.710  150 
F568-3     7    86.1  0.77   22.571             0.575  21.611             0.528  180 
F568-V1    7    84.5  0.77   22.741             0.484  21.942             0.466  176 
F571-5     9    65.1  0.77   23.362             0.496  22.647             0.448  179 
F571-V1    7    84.2  0.82   23.590             0.511  22.637             0.472  084 
F574-2     9    91.9  0.88   24.102             0.754  23.027             0.635  068 
F577-V1    7   103.7  0.82   23.787             0.799  23.046             0.718  094 
F583-1     9    35.1  0.45   23.012             0.318  22.234             0.275  183 
UGC~1230   9    50.4  0.94   23.208             0.677  22.333             0.609  115 
UGC~128    8    58.9  0.55   23.405             0.864  22.488             0.764  214 
1150280    5    88.2  0.62   20.772             0.657  19.639             0.640  190 
2520100    3   130.9  0.76   23.894             1.406  21.106             0.929  434 
0350110    1    86.1  0.77   20.829             0.690  19.529             0.648  285 
3740090    1    41.8  0.81   22.704             0.428  21.145             0.374  076 
4220090    7    65.9  0.91   22.901             0.717  21.796             0.589  078 
4250180    7    95.1  0.84   23.378             0.945  21.932             0.821  101 
4990110    7    41.0  0.83   22.738             0.423  21.995             0.498  090 
0050050    8    77.2  0.92   22.453             0.705  21.454             0.621  132 
0540240    2   198.7  0.84   23.555             1.111  22.289             1.012  399 
5520190    2   159.5  0.62   22.488             1.115  20.810             0.942  459 
0590090    8    18.4  0.88   21.847             0.283  20.812             0.262  053 
1220040    1   127.0  0.63   23.272             1.227  21.213             0.882  101 
 
