#[Fe/H] [O/Fe]
 -1.22  0.46
 -1.15  0.85
 -1.25  0.44
 -0.99  0.71
 -1.02  0.73
 -0.82  0.49
 -0.72  0.52
 -2.08  0.81
 -0.79  0.49
 -0.83  0.53
 -1.07  0.92
 -0.91  0.56
 -1.52  0.71
 -0.39  0.41
 -1.54  0.71
 -1.08  0.59
 -1.69  0.69
 -0.40  0.38
 -1.17  0.59
 -1.28  0.49
 -0.84  0.17
 -0.44  0.37
 -0.85  0.34
 -0.80  0.36
 -1.64  0.64
 -0.61  0.62
 -0.85  0.47
 -2.03  0.78
 -0.43  0.07
 -1.09  0.72
 -1.49  0.68
 -1.28  0.38
 -1.33  0.62
 -1.27  0.58
 -0.72  0.46
 -1.69  0.77
 -0.94  0.36
 -0.92  0.43
 -0.70  0.55
 -1.84  0.60
 -0.94  0.58
 -0.76  0.53
 -1.14  0.60
 -1.67  0.82
 -0.84  0.54
 -1.38  0.36
 -2.61  0.80
 -1.39  0.81
 -0.49  0.44
 -0.84  0.45
 -2.37  0.74
 -1.19  0.78
 -1.54  0.74
 -1.81  0.63
 -1.45  0.79
 -1.18  0.52
 -1.46  0.88
 -1.09  0.40
 -1.17  0.46
 -1.16  0.84
 -0.34  0.25
 -0.55  0.35
 -1.10  0.56
 -1.16  0.59
 -1.62  0.70
 -1.56  0.67
 -0.63  0.23
 -0.63  0.19
