#    ID      VHEL       FLX      FLXC        mI
     14    7254.0      6.98      8.61     12.50
     19    2310.0     18.94     19.25     10.65
     24    4444.0      4.35      4.94     13.98
     25    5071.0      3.61      3.98     14.17
     27    3113.0      8.91     11.59     13.20
     41    6597.0      3.57      3.97     14.55
     51    5371.0      2.17      2.43     13.12
     53    7894.0      1.98      2.29     14.42
     57    4554.0     11.75     14.55     12.81
     60    5074.0      5.34      6.29     12.09
     69    4640.0      6.97      8.03     13.16
     76    4580.0      2.96      3.26     14.80
     77    4811.0      3.92      5.09     11.82
     79    4339.0      5.62      6.95     13.73
     86    8315.0      4.48      5.65     12.61
     89    4565.0      6.83      9.22     10.83
     94    4592.0      8.82     11.08     12.38
     98    4788.0      4.93      5.53     12.51
    100    4765.0      9.25     10.83     12.27
    108    8042.0      1.06      1.17     13.39
    110    4512.0      2.54      2.91     14.18
    139    3956.0     11.32     15.23     12.93
    152    4863.0      4.15      4.77     14.24
    163    5654.0      3.59      4.00     14.21
    164    5447.0      1.38      1.65     13.05
    166    4832.0      7.34      9.79     13.28
    179    4462.0      5.45      6.20     13.87
    195    5708.0      3.72      4.29     13.53
    207    7028.0      1.06      1.16     13.96
    214    5383.0     10.08     12.61     11.52
    228    5681.0      6.58      7.58     13.16
    229    7217.0      2.29      2.52     14.37
    234    4668.0      1.42      1.59     14.10
    244    4553.0      3.07      3.40     13.45
    256    5187.0     16.20     16.32     13.03
    260    2134.0     27.45     38.84     12.36
    271    4041.0     13.63     13.82     12.66
    272    3900.0      8.36     10.06     13.53
    281    4289.0      3.98      4.57     14.35
    284    4732.0      4.49      5.40     13.35
    299    6306.0      3.98      4.75     13.54
    319    6341.0      6.36      7.59     13.43
    321    4665.0      3.69      4.26     14.38
    329    4388.0      8.83     11.67     13.31
    344    5788.0      5.73      5.78     14.07
    345    4181.0      4.32      4.76     14.84
    346    5904.0      1.45      1.61     13.54
    353    5070.0      1.81      2.06     13.72
    376    4820.0      5.45      6.15     15.12
    388    5406.0      2.19      2.61     13.98
    420    5149.0      4.57      5.80     11.67
    438    4537.0      9.64     13.16     11.12
    442    4928.0      3.97      4.81     14.23
    443    6244.0      3.11      3.43     14.64
    453    4861.0      2.10      2.35     15.26
    457    6235.0      2.54      2.81     13.84
    461    4169.0      9.50     12.05     12.08
    475    5274.0      5.85      5.94     12.92
    490    4556.0     12.19     17.93     11.52
    493    5277.0      9.96     13.46     11.50
    509    5134.0      2.08      2.37     14.23
    510    4535.0      3.21      3.64     13.65
    511    4595.0      2.93      3.46     14.05
    533    5475.0      2.10      2.51     13.89
    549    6062.0      3.01      3.31     14.70
    552    5164.0      3.25      3.29     13.69
    565    5645.0      2.42      2.69     13.82
    575    4652.0      1.79      1.95     13.93
    604    5219.0      2.21      2.22     16.23
    614    2357.0      4.95      5.91     12.88
    622    2715.0     12.13     12.22     12.27
    624    4784.0     10.05     12.12     11.45
    625    2618.0     37.69     38.43     11.45
    629    4995.0      4.68      5.52     13.64
    632    6996.0      0.37      0.41     12.75
    633    5574.0      6.23      7.26     13.09
    637    4375.0      1.84      2.07     14.78
    646    5298.0      0.70      0.88     12.36
    652    5666.0      3.16      3.58     15.22
    669    5855.0      1.32      1.53     13.54
    673    6251.0      3.90      4.75     14.15
    690    5869.0      8.00      8.33     12.33
    697    4695.0      0.58      0.64     12.82
    714    4641.0      1.53      1.76     12.78
    724    5174.0      5.79      8.19     12.28
    725    5030.0     10.00     10.22     13.04
    732    5438.0      2.77      3.32     12.77
    736    5074.0      3.10      3.14     13.86
    763    1155.0     52.38    138.92     10.60
    783    5909.0      6.89      6.99     12.99
    800    4812.0      2.27      2.63     13.90
    805    5525.0      2.90      3.28     15.82
    806    1764.0     16.91     31.80     11.42
    809    4207.0      4.94      5.58     13.71
    810    4837.0      5.18      6.34     13.36
    830    5954.0     10.64     11.17     13.02
    833    5193.0     11.44     16.25     12.30
    835    6839.0      1.66      1.87     13.52
    841    5573.0      2.45      2.83     13.66
    858    2375.0     14.80     23.96     10.86
    885    5350.0      1.33      1.47     14.73
    886    5854.0     14.60     15.12     12.17
    909    5079.0      6.49      7.89     13.06
    914    2343.0     27.73     31.98     11.56
    927    6004.0      5.68      6.80     12.61
    940    6987.0      3.13      3.52     13.80
    944    4868.0      4.46      5.19     12.10
    947    2472.0     27.91     28.72     10.78
   1013    5188.0      9.02     14.41     11.09
   1033    4041.0     14.44     21.30     12.76
   1034    5192.0      2.58      3.17     12.11
   1048    4673.0      2.50      3.15     12.25
   1057    6333.0      5.52      6.40     13.25
   1065    5796.0      9.83     11.19     12.91
   1068    5222.0     10.10     10.32     11.74
   1070    2809.0     11.40     11.74     13.02
   1094    4346.0      8.68     10.80     11.99
   1110    2763.0      4.62      5.63     13.56
   1112    1710.0      2.94      3.41     13.46
   1118    3516.0      8.48     11.06     12.91
   1124    5752.0      5.67      5.71     13.56
   1144    5839.0      3.50      4.14     14.15
   1167    4301.0      9.56     15.02     12.51
   1204    5608.0      2.84      3.22     13.91
   1233    7841.0      3.81      4.23     13.38
   1235    5336.0      1.62      1.80     13.62
   1259    5183.0     13.11     18.14     11.59
   1261    5015.0      2.54      2.87     13.39
   1264    4791.0      1.88      2.09     14.84
   1289    4974.0      2.84      3.30     14.14
   1291    3502.0      5.95      7.24     12.54
   1305    2666.0      7.10     13.72     10.54
   1309    5166.0      3.31      3.75     13.71
   1329    4932.0      6.45      8.35     14.71
   1337    5371.0      3.17      3.49     15.26
   1364    5092.0      4.29      5.04     14.91
   1369    4931.0      4.89      5.93     13.44
   1376    5597.0      4.32      4.40     12.39
   1383    5241.0      1.16      1.31     14.03
   1408    7664.0      1.12      1.26     13.54
   1426    4443.0     10.08     10.34     13.12
   1429    6693.0      5.16      5.23     13.56
   1448    6288.0      2.63      2.95     13.37
   1468    4610.0      3.19      3.91     13.84
   1526    5927.0      3.87      4.49     12.89
   1536    7589.0      1.50      1.68     13.70
   1550    5767.0     15.64     22.75     11.52
   1554    2099.0     24.02     32.61     11.40
   1567    9019.0      3.20      3.23     13.70
   1577    5271.0      6.53      9.15     11.86
   1584    7528.0      3.93      4.53     13.72
   1595    4964.0      3.75      4.33     13.68
   1601    5591.0      6.81      6.87     14.18
   1612    8471.0      3.48      3.54     13.55
   1633    4247.0     11.80     18.58     11.40
   1634    4978.0      7.08      7.66     11.85
   1652    5139.0      4.64      5.44     13.57
   1663    3435.0      4.71      5.95     13.70
   1682    4984.0      3.19      3.57     13.47
   1700    4240.0      5.08      5.55     15.38
   1706    4789.0      2.68      2.99     13.17
   1726    5275.0      7.73      9.23     13.17
   1729    4445.0      5.48      6.61     14.65
   1738    5686.0      3.39      3.43     14.11
   1744    4817.0      4.97      6.54     12.15
   1746    6045.0      5.08      6.10     13.78
   1768    3913.0     27.60     38.63     10.77
   1777    4726.0      3.13      3.46     14.64
   1785    5802.0      2.57      2.95     15.59
   1792    4985.0      8.07     11.37     12.32
   1811    7835.0      1.70      1.95     13.80
   1812    4526.0      2.99      3.32     13.25
   1814    4105.0      7.96     11.13     12.23
   1834    3804.0      3.17      3.70     14.83
   1835    5087.0      8.88     11.55     11.95
   1862    1384.0      3.38      3.50     12.24
   1867    5192.0      3.91      3.98     13.58
   1887    5536.0      7.00      7.19     12.33
   1938    6401.0      4.11      4.70     13.36
   1957    5299.0      4.97      5.03     13.86
   1958    1015.0      4.15      4.74     14.84
   1995    7294.0      5.67      6.79     13.20
   1998    6330.0      3.80      4.35     14.54
   2004    6549.0      3.27      3.80     13.02
   2020    5559.0      4.52      5.21     14.36
   2028    5429.0      7.01      8.13     12.54
   2064    4264.0      6.61      9.14     12.15
   2076    7853.0      3.22      3.63     14.84
   2081    2614.0      6.42     10.11     13.12
   2083    4696.0      4.04      4.70     12.87
   2085    6781.0      2.51      2.83     14.28
   2091    6585.0      6.46      7.66     13.67
   2096    7907.0      2.69      2.99     14.54
   2135    4464.0      2.16      2.20     13.43
   2138    5125.0     11.28     13.21     12.59
   2167    5428.0      2.52      2.83     13.49
   2185    4353.0      9.51     10.01     12.07
   2197    5100.0      6.30      8.14     13.00
   2205    5484.0      1.81      2.05     13.47
   2220    7515.0      2.99      3.31     13.39
   2223    4984.0      2.73      3.04     13.55
   2239    4825.0      2.03      2.39     13.37
   2241    6790.0     12.79     18.34     11.95
   2258    4041.0     15.73     15.99     12.47
   2272    5654.0      6.17      7.44     12.36
   2283    6468.0      1.61      1.77     13.68
   2313    5752.0      1.26      1.28     13.67
   2315    5551.0      4.48      4.93     14.19
   2338    4502.0      6.82      8.17     13.06
   2387    7750.0      4.08      4.79     14.05
   2392    1544.0      6.01      7.29     13.53
   2424    6978.0      5.38      6.97     12.33
   2435    4849.0      8.31     12.22     12.63
   2443    2519.0      1.70      1.74     12.79
   2461    6801.0      1.98      2.21     13.75
   2483    6222.0      5.32      6.15     14.23
   2485    2013.0      5.69      5.80     14.17
   2498    6934.0      3.89      4.63     13.59
   2518    7012.0      5.84      6.53     13.87
   2520    4212.0      5.00      5.85     13.50
   2525    6230.0      8.48      9.27     13.36
   2548    4789.0      3.69      5.50     11.64
   2550    4032.0      4.67      5.60     13.27
   2586    4563.0     18.68     19.15     12.05
   2609    4952.0      6.71      7.67     12.57
   2617    4701.0     16.11     16.78     12.48
   2630    5062.0      2.60      2.84     13.75
   2633    5661.0      3.11      3.58     13.55
   2637    5121.0      3.00      3.42     14.00
   2678    5590.0      2.61      3.29     12.42
   2679    6642.0     10.77     13.67     12.98
   2685    5042.0      9.72     13.26     12.07
   2690    6273.0      8.47      8.56     13.23
   2709    5143.0     12.99     20.17     12.31
   2736    5894.0      3.39      3.44     12.24
   2742    4464.0      1.99      2.01     13.51
   2750    4880.0      3.24      3.73     13.21
   2798    4944.0      4.28      4.38     12.12
   2801    6015.0      4.11      4.16     13.66
   2838    5977.0      3.55      4.00     14.16
   2849    8142.0     10.02     10.25     13.00
   2860    4245.0      3.91      3.95     14.43
   2868    5427.0      1.38      1.62     13.58
   2878    5398.0      7.85      7.90     14.00
   2880    5982.0      2.07      2.34     14.91
   2888    4039.0      6.97      7.84     12.87
   2896    2226.0      3.93      3.98     14.02
   2910    5509.0      2.08      2.27     14.32
   2920    4156.0      8.64     10.84     13.13
   2931    5745.0      3.48      4.07     13.41
   2936    3811.0      9.93     13.29     11.74
   2954    5342.0      3.53      3.87     13.53
   2956    4544.0      1.62      2.01     13.26
   2963    5302.0     13.40     17.13     12.33
   2966    3572.0      6.44      7.14     14.92
   2969    5068.0      6.30      6.51     13.11
   2985    3929.0      6.55      7.43     12.62
   2994    3319.0      6.94      8.38     13.08
   3002    3565.0      5.00      5.71     13.45
   3007    5631.0      5.96      6.97     13.31
   3043    7415.0      5.47      5.51     14.35
   3066    4642.0      9.23     12.05     12.43
   3078    5420.0      7.21      8.33     13.05
   3084    4063.0      5.91      7.06     13.05
   3103    3512.0     27.16     28.48     10.93
   3108    3954.0     14.69     15.19     12.26
   3114    3724.0     20.21     20.96     12.47
   3122    4686.0      5.83      7.85     12.24
   3127    3347.0      8.68      8.92     13.28
   3135    7395.0      8.50     10.31     13.00
   3143    4555.0      6.63      6.73     13.78
   3162    4649.0     11.95     13.56     13.69
   3167    4754.0      7.60      7.68     13.27
   3171    4553.0      6.28      7.48     13.09
   3187    4738.0      0.96      1.13     13.54
   3189    4563.0     11.95     12.21     12.99
   3219    8478.0      3.38      3.86     13.89
   3231    4834.0     10.77     13.11     13.30
   3235    3960.0      4.99      5.14     14.07
   3237    4195.0     10.63     12.26     13.44
   3238    4754.0      7.10      8.73     11.61
   3248    8933.0      7.73      9.35     12.86
   3252    6114.0     17.88     18.53     11.99
   3259    4939.0      5.06      5.20     12.58
   3277    5118.0      3.93      4.04     13.08
   3283    4505.0      4.22      4.47     13.83
   3284    4703.0      5.54      5.64     13.94
   3319    4213.0     10.00     10.14     14.12
   3326    4101.0     12.34     12.93     12.37
   3342    3998.0      2.23      2.26     13.02
   3366    5921.0      9.21      9.23     13.11
   3368    5197.0     12.81     12.94     13.90
   3373    4758.0      8.54      8.68     12.77
   3375    5793.0     15.95     16.39     11.52
   3398    7046.0      4.84      4.90     13.72
   3403    1264.0     12.81     13.23     11.78
   3405    3817.0     23.27     23.53     11.95
   3411    6799.0      7.05      7.17     13.47
   3412    3997.0      7.05      7.15     14.12
   3413    4217.0     16.25     16.94     11.71
   3416    4003.0      8.44      8.70     12.77
   3432    4996.0      5.95      6.03     13.69
   3459    2888.0      4.08      4.66     12.66
   3463    2682.0      4.08      4.25     11.18
   3477    6497.0     12.28     12.51     13.19
   3487    5261.0      4.53      4.62     13.14
   3505    5369.0      3.67      4.19     13.94
   3511    3563.0     13.33     13.56     11.52
   3539    3309.0      8.45      8.61     13.22
   3540    1943.0      3.63      3.68     14.49
   3553    5233.0      2.27      2.52     14.00
   3574    1441.0     39.82     41.19     11.13
   3581    4965.0      9.54      9.75     12.69
   3593    6702.0      3.95      4.02     12.64
   3606    3988.0      7.07      7.17     13.43
   3627    6282.0      5.36      5.43     13.17
   3652    4537.0      6.31      7.82     12.24
   3653    2227.0     19.89     20.27     10.37
   3693    2254.0     23.23     34.21     10.62
   3694    4772.0      8.01      9.44     14.21
   3717    4187.0      4.41      4.56     11.93
   3749    1154.0      4.95      5.03     13.55
   3759    4425.0     13.96     14.44     11.51
   3791    5079.0      7.84      8.77     13.69
   3799    5933.0      4.72      4.76     13.24
   3804    2869.0     14.32     14.64     11.53
   3808    2388.0     11.18     11.98     13.88
   3822    7116.0      7.61      8.88     12.84
   3834    2033.0     31.60     32.03     11.63
   3843    5277.0      2.74      2.99     14.83
   3872    3944.0     17.97     23.46     12.09
   3873    4468.0     12.05     14.40     12.62
   3909     945.0     17.24     17.83     13.21
   3919    4867.0      4.80      4.87     14.17
   3922    8787.0      3.95      4.00     13.60
   3941    4766.0      5.85      6.77     14.43
   3943    3529.0     11.30     11.45     13.25
   3944    3899.0      7.23      8.96     12.99
   3949    6384.0      3.34      3.38     13.09
   3967    5875.0      5.26      5.34     14.83
   3979    4062.0      8.88      9.02     12.88
   4024    1717.0      5.12      5.19     13.22
   4029    4418.0     12.13     16.06     12.66
   4040    4796.0      9.08     10.95     12.95
   4043    3405.0      9.08      9.27     12.79
   4044    4632.0      4.35      5.04     13.64
   4059    6571.0      6.78      6.87     13.89
   4065    7479.0      9.39      9.49     13.24
   4078    1862.0      2.51      2.57     13.17
   4096    4626.0      5.21      6.13     13.09
   4128    5977.0      5.78      5.89     12.37
   4132    5208.0      9.49     11.33     12.02
   4169    1588.0     26.13     26.52     12.55
   4226    7913.0      5.13      5.27     12.81
   4252    6126.0      5.93      6.05     13.94
   4256    5249.0     12.64     17.27     11.43
   4258    3122.0      5.16      5.25     14.35
   4275    6300.0      3.04      3.56     12.56
   4277    5461.0     17.87     18.94     12.27
   4278     557.0     46.57     47.55     11.97
   4301    5964.0      3.54      4.01     12.96
   4374    3985.0      8.09     10.01     12.47
   4464    5264.0      3.72      4.34     13.70
   4484    2156.0      4.17      5.98     11.27
   4502    3288.0      7.38      7.47     13.83
   4503    3477.0     14.78     21.82     11.47
   4514     693.0     18.98     19.10     12.79
   4575   12919.0      3.26      3.64     13.86
   4607    6183.0      2.21      2.47     13.35
   4623    2885.0     14.28     15.06     11.48
   4628     777.0      4.32      4.38     14.09
   4640    3309.0     31.38     33.08     12.07
   4691    3915.0      7.88     13.29     10.33
   4695    2332.0     23.44     23.57     11.41
   4697    3733.0      4.56      4.62     14.59
   4719    5087.0      6.37      6.51     12.19
   4746    6038.0      5.32      6.11     13.45
   4747    4313.0      4.06      4.87     12.94
   4759    1323.0     37.72     38.72     10.56
   4824    2187.0      6.78      6.97     12.65
   4841    1127.0     24.21     24.88     12.21
   4844    4000.0     10.47     10.66     12.61
   4888    2258.0     25.63     26.08     11.31
   4895    7070.0      3.59      4.03     12.84
   4961    1583.0     86.86     88.47     11.88
   5029    4009.0      6.72      6.85     12.78
   5033    5208.0      2.73      2.76     14.71
   5034    3214.0     11.50     11.87     12.15
   5107    2009.0      7.54      9.42     14.00
   5115    2285.0     20.86     21.51     13.04
   5134    3339.0     17.55     23.10     11.74
   5140    4425.0     11.56     15.43     12.06
   5166    7008.0      9.89     11.47     11.96
   5183    1336.0     23.57     23.93     10.28
   5203    1541.0     14.71     15.04     13.71
   5210    4445.0     10.40     10.59     13.70
   5215    5484.0      8.09      9.69     12.21
   5218    3088.0      7.44      9.29     14.28
   5237    4690.0      3.32      3.36     13.62
   5238    1786.0     13.84     18.27     13.43
   5240    6932.0      6.03      6.69     14.30
   5244    3025.0      6.00      6.07     13.53
   5249    1877.0     17.14     22.19     12.93
   5250    4765.0     22.36     23.15     11.77
   5271    1442.0     36.01     56.93     12.07
   5286    5197.0      7.36      9.71     12.45
   5303    1411.0     19.32     21.13     10.57
   5316    1060.0     91.63     94.36     11.45
   5320    4142.0      6.82      8.40     12.77
   5328    1822.0      7.00      9.10     11.36
   5389    6976.0      5.07      5.16     13.82
   5396    5400.0      5.11      5.98     12.94
   5505    2813.0     16.95     21.96     12.18
   5520    3316.0     18.00     18.52     12.94
   5522    1220.0     42.68     43.18     13.11
   5554    1235.0      3.28      4.14     11.11
   5589    1159.0     33.54     33.96     11.82
   5599    5263.0      5.59      5.65     14.17
   5604    5064.0      5.39      5.58     12.47
   5607    6838.0      5.28      6.34     12.71
   5631    2121.0     17.11     17.59     12.43
   5651    5567.0      6.38      7.53     12.84
   5656    6664.0      6.14      7.16     13.14
   5670    6567.0      2.87      3.24     14.50
   5707    2799.0     13.04     13.17     13.15
   5708    1176.0     38.21     38.64     12.98
   5711    6257.0     12.91     18.31     11.81
   5717    1677.0     38.83     40.24     11.98
   5742    1305.0      5.83      7.37     11.41
   5794    2317.0     15.48     15.86     11.83
   5818    6255.0      4.89      5.74     13.93
   5858    6481.0      3.33      4.04     14.52
   5878     986.0     44.65     45.57     11.79
   5887    1281.0     22.13     33.18     11.12
   5897    2716.0     10.98     15.09     12.11
   5914    1305.0     17.21     24.54     11.13
   5937    3389.0      7.95      8.17     11.94
   5974    1039.0     15.35     19.14     13.33
   5995    1277.0     16.16     22.21     10.98
   5997    1261.0     50.72     51.42     11.64
   6028    1105.0     14.97     22.39     12.10
   6069    6675.0      6.35      6.58     11.81
   6080    2178.0      4.11      4.19     14.03
   6096    2995.0      8.30      8.52     12.18
   6098    1128.0     33.74     34.51     10.71
   6126     704.0     49.58     50.45     12.21
   6162    2209.0     17.15     17.28     12.26
   6167    1419.0      8.89     10.77     12.40
   6209    1584.0      8.85     11.11     12.05
   6215    2855.0     22.20     22.45     11.08
   6267    1303.0      3.44      4.17     12.70
   6318    2329.0     34.25     35.20     11.16
   6352    1506.0     20.92     27.93     11.95
   6355    2182.0      8.03      9.80     13.57
   6376    4246.0     38.43     39.14     10.37
   6378    1307.0     11.33     11.61     13.48
   6390    1009.0     12.49     12.75     13.87
   6405    1283.0     20.37     25.44     11.89
   6420    1060.0     49.17     50.19     11.00
   6430    3428.0      3.49      3.58     11.40
   6437    5332.0      4.83      5.44     13.76
   6449    3205.0      8.09      9.63     13.60
   6458    1708.0      8.09      8.26     11.09
   6484    2430.0     17.98     18.67     11.38
   6507    6307.0      6.14      7.26     13.72
   6534    1273.0     15.22     15.36     12.54
   6537     864.0     90.67     95.35      9.52
   6539    6267.0      4.03      4.60     13.41
   6542    3321.0      4.21      4.28     11.89
   6567    2696.0     28.23     28.75     10.69
   6575    1217.0     14.23     14.53     13.13
   6579    1289.0     26.45     27.24     10.40
   6583    6192.0      5.30      5.69     13.04
   6595     721.0     49.30     51.73     11.00
   6603    1627.0      7.88      9.92     13.24
   6607    3359.0      5.94      7.04     13.66
   6610    1853.0     10.10     12.67     13.32
   6616    1147.0     15.85     16.08     12.63
   6640    1383.0     20.14     20.32     12.29
   6644     993.0     49.27     50.46      9.72
   6650    3086.0     16.91     17.06     11.52
   6651    1468.0     18.86     24.22     10.80
   6692    6060.0     10.30     11.94     12.69
   6722    4491.0     12.22     16.46     11.72
   6736    5993.0      8.18      9.35     13.78
   6745     895.0     22.00     22.68      9.91
   6772    6287.0     10.52     14.71     11.66
   6790    3600.0      9.07     11.22     12.47
   6792     849.0     10.65     10.96     13.08
   6802    1250.0      7.44      7.61     13.94
   6858    3141.0      7.99      8.02     13.31
   6906    2498.0     35.58     55.48     10.69
   6911    6350.0      3.21      3.60     13.61
   6916    6187.0     12.43     12.68     13.00
   6934    5498.0      6.72      6.81     13.73
   7012    3080.0     10.18     12.97     13.28
   7021    1983.0     11.26     17.71     10.64
   7026    6274.0      2.48      3.09     12.57
   7054     940.0      1.22      2.22     10.34
   7075     743.0     22.04     22.77     11.16
   7100    4316.0      6.86      8.19     12.78
   7122    1813.0     22.57     22.85     11.84
   7140    1158.0      6.24      6.28     12.78
   7153    2608.0     10.98     11.19     13.58
   7171    6814.0      5.84      6.68     13.37
   7192    4018.0      6.76      7.96     13.00
   7234    2471.0      4.92      6.42     11.30
   7301     706.0      8.52      8.68     13.89
   7315     863.0      3.05      4.04     10.59
   7334    3719.0     15.84     21.13     11.79
   7358    3658.0      6.49      6.58     12.69
   7380    2381.0     15.44     20.86     10.91
   7393    4203.0     11.34     11.99     12.36
   7399     535.0     36.78     37.21     12.29
   7412    1140.0     12.00     18.24     10.15
   7431    1051.0      1.13      1.68     10.78
   7447    1252.0      7.90     10.46     11.60
   7516    5379.0      5.28      6.01     13.55
   7518    1204.0      3.96      5.05     12.42
   7549    1693.0      9.01     11.53     11.41
   7558    6222.0      5.08      6.05     13.20
   7566    1450.0      6.45     10.41     11.10
   7602    1680.0      0.99      1.24     11.19
   7603     644.0     22.43     30.63     12.03
   7617    6970.0     10.17     10.44     13.35
   7644    4219.0      6.18      7.69     12.95
   7689    6214.0      5.52      5.60     13.44
#   7695    -175.0      3.26      4.98     12.11
   7697    2532.0      7.14      8.74     13.90
   7714    1176.0      6.61      9.94     11.72
   7747    2737.0     14.03     14.18     11.75
   7756    1152.0      2.97      3.82     12.01
   7758    1352.0      5.60      7.25     12.58
   7774     522.0     23.56     23.87     13.25
   7794    1041.0      0.58      0.84     10.70
   7810    5608.0      4.81      5.47     13.75
   7845    7736.0      3.78      4.23     14.00
   7848    2498.0      7.43      7.69     12.74
   7849    6117.0      5.88      6.58     13.37
   7852    4728.0     14.94     17.84     12.35
   7870    1721.0     49.12     49.67     10.86
   7873    5024.0      4.87      5.94     12.95
   7901     800.0     61.77     63.00      9.70
   7917    6995.0      3.28      4.82     11.57
   7921    5132.0     13.56     13.73     13.06
   7922    4763.0     11.68     11.96     13.12
   7926    1513.0     44.27     79.95      9.49
   7962    1674.0     14.32     14.69     12.42
   7977    4381.0     14.35     18.70     11.96
   7985     652.0     54.95     55.71     11.04
   7993    4793.0     15.61     15.96     13.65
   8007    1781.0     14.45     17.97     11.67
   8020    1132.0     12.42     12.62     10.91
   8036     920.0     33.75     34.29     12.72
   8054     760.0     77.14     77.71     11.02
   8085    2041.0     14.55     18.88     12.81
   8120    1663.0      9.73      9.97     12.77
   8121    1173.0     10.57     14.49     11.07
   8146     668.0     29.31     29.72     13.11
   8186    7009.0      4.45      5.24     12.75
   8191    4818.0      6.07      7.30     12.79
   8246     808.0      8.40     12.29     13.18
   8250    5273.0      3.68      4.24     13.84
   8255    3366.0      7.63      9.36     12.82
   8270    2610.0     16.10     16.87     10.72
   8280     815.0     11.78     15.63     12.68
   8282    2064.0      8.25      8.40     14.08
   8318    2326.0     11.90     15.34     13.93
   8353    6875.0      3.38      4.00     12.88
   8365    1265.0      6.00      6.05     13.41
   8392    5080.0      6.02      7.19     13.59
   8397    4870.0      2.98      3.40     12.94
   8403     970.0     46.79     47.86     10.99
   8410    2890.0      8.03     10.21     11.86
   8411    2392.0     10.56     13.51     13.03
   8426    4982.0      1.52      1.73     13.97
   8451    5279.0      4.95      6.04     12.62
   8460    6317.0      3.92      4.49     13.57
   8475    6826.0     16.21     28.17     11.27
   8477    4031.0      4.99      8.10     11.07
   8534    5286.0      2.58      2.91     13.95
   8554    5524.0      4.62      5.32     13.87
   8555    7068.0      6.60      7.67     12.06
   8587    2231.0      3.74      4.99     11.92
   8658    2021.0     17.60     17.77     12.29
   8711    1508.0     32.27     32.83     10.90
   8713    4961.0      4.29      5.11     13.36
   8726    2333.0      7.95      8.13     13.55
   8727    1171.0     13.01     23.84     10.85
   8733    2335.0     19.51     19.68     12.88
   8737    1785.0      5.36      5.49     12.12
   8787    4352.0     12.11     14.46     13.16
   8804    2507.0      4.29      4.41     12.69
   8809    3613.0     24.24     25.68     11.12
   8810    2325.0     24.54     24.98     10.23
   8835    2168.0      9.55      9.82     11.78
   8848    6864.0      3.46      4.21     12.05
   8891    5216.0      6.75      7.77     13.06
   8917    3762.0      9.19      9.22     13.58
   8937    2967.0      9.09      9.48     10.93
   8944    6239.0      4.05      4.72     12.24
   8967    5641.0      8.93     10.51     13.04
   8995    1234.0     10.12     13.31     13.10
   9037    5940.0      8.85     10.72     13.01
   9071    1828.0      4.69      4.79     13.43
   9115    2037.0      5.26      5.35     12.54
   9119    1044.0     35.61     36.42     11.38
   9176    1772.0      7.97     10.51     12.87
   9182    4655.0     12.51     16.34     12.46
   9215    1389.0     19.42     20.07     11.93
   9245    1886.0      8.21      8.45     13.66
   9271    2311.0     10.47     10.80     11.46
   9291    2884.0      9.01      9.10     12.06
   9328    1370.0     19.45     19.72     11.25
   9342    4493.0      3.16      3.70     12.50
   9347    2080.0     17.10     17.60     12.60
   9353    1368.0     34.28     79.91     11.00
   9358    1903.0     19.30     20.52     10.24
   9366    2103.0     32.17     56.29     10.03
   9394    1803.0     14.29     18.07     13.49
   9415    5471.0     10.07     10.41     12.15
   9422    3312.0      5.84      5.94     13.13
   9431    2240.0     22.35     22.54     11.99
   9476    3275.0      8.45      8.61     12.04
   9556    2291.0      8.38      8.52     14.31
   9598    5588.0      3.30      3.34     12.69
   9673    5688.0      9.23     12.17     12.52
   9681    5092.0      6.71      6.77     14.99
   9736    3124.0      8.34      8.68     11.70
   9780    5165.0      9.47      9.65     13.43
   9797    3391.0     43.50     44.96     10.89
   9802    5392.0      3.21      3.24     14.44
   9817    5102.0      7.48      7.61     12.07
   9849    3461.0      8.00      8.09     13.80
   9856    2497.0      5.11      5.24     13.73
   9866     426.0      5.15      5.29     11.08
   9873    5626.0      4.68      4.73     13.59
   9896    6463.0      4.64      4.72     12.64
   9901    3167.0      5.27      6.13     13.82
   9926    1958.0     13.80     21.14     10.34
   9935    1447.0     39.66     40.84     10.84
   9940    5709.0     44.70     45.46     11.95
   9943    1957.0     17.09     26.54     10.51
   9948    2527.0     11.24     11.32     11.63
   9975    9623.0      2.24      2.52     13.55
   9987    1107.0     12.28     13.31     11.75
   9990    6436.0      3.35      3.79     14.24
  10006    9441.0      3.97      4.37     14.43
  10042    4224.0      4.83      5.57     13.11
  10056    3830.0      2.57      3.31     11.46
  10133    1925.0      8.89     10.07     11.96
  10137    5253.0      4.69      5.34     13.64
  10286    9378.0      1.29      1.43     14.32
  10287    9104.0      1.27      1.46     12.15
  10296    9727.0      5.82      5.88     13.89
  10297    2306.0      3.42      4.17     13.29
  10328    1450.0     21.00     28.63     11.33
  10373    7679.0      3.47      3.79     14.06
  10394    5660.0      2.90      3.38     13.53
  10413    2990.0     12.76     16.61     13.06
  10416    6214.0      1.53      1.72     13.33
  10439    2370.0     20.20     26.86     10.68
  10442    5636.0     13.15     13.36     12.06
  10445     962.0     23.84     29.54     12.50
  10450    9776.0      0.58      0.64     14.62
  10458    5462.0      5.67      5.74     12.81
  10475    9485.0      2.16      2.37     13.97
  10521     852.0     30.12     30.49     10.83
  10542    5914.0      5.40      5.46     13.15
  10550    9035.0      8.25      8.32     13.96
  10560    5253.0      7.83      8.05     12.11
  10564    1132.0     33.62     34.02     12.80
  10571    6593.0      4.20      4.23     13.48
  10582   11136.0      4.06      4.47     14.30
  10596   12097.0      2.38      2.70     14.23
  10619    5340.0      2.15      2.17     14.70
  10632    4249.0      5.07      5.15     14.51
  10641    5564.0      5.30      5.35     14.75
  10661   10191.0      5.57      6.08     13.85
  10684    3415.0     14.00     14.23     12.77
  10790    2109.0     14.61     14.81     11.64
  10801    4556.0      3.37      3.93     14.34
  10876    1163.0     11.56     11.65     12.14
  10881    3179.0      7.35      7.47     13.14
  10934    2488.0     14.44     14.85     11.76
  10951    6331.0      4.99      5.05     12.76
  10998    6778.0      7.42      7.53     11.73
  11016    6491.0      4.57      5.17     14.08
  11050    4861.0      5.05      5.81     13.76
  11073    6424.0      9.47     10.98     12.96
  11085    5484.0      4.35      4.45     12.88
  11091    7220.0      2.51      2.80     13.67
  11101    5860.0      4.19      4.22     14.04
  11125    6026.0      3.80      4.57     11.98
  11140    2816.0     15.55     15.96     13.82
  11176    6717.0      3.70      3.75     13.80
  11194    4731.0      8.74     10.55     12.05
  11218    1484.0     36.59     37.29     10.02
  11236    5759.0     13.28     13.57     12.30
  11237    5326.0      7.09      8.24     13.17
  11262    5557.0      6.40      6.49     13.49
  11286    6798.0     16.29     16.33     13.03
  11297    5847.0      6.13      6.91     13.52
  11300     489.0     37.34     38.05     11.22
  11305    2500.0      8.88      9.17     11.34
  11307    3145.0      9.65     11.05     13.34
  11320    4810.0      6.63      7.89     12.60
  11323    4111.0      6.34      7.38     13.10
  11341    5830.0      4.40      4.44     13.47
  11351    4588.0      5.68      6.71     11.76
  11390    4829.0      2.80      2.82     13.90
  11435    3744.0      7.86      8.00     12.53
  11438    3989.0     15.02     15.18     13.00
  11443    4361.0      6.31      6.38     12.23
  11455    5393.0     10.96     11.33     12.05
  11459    3122.0     22.01     22.18     11.48
  11473    4652.0     12.01     12.34     12.76
  11475    3248.0      2.95      2.99     13.38
  11492    3564.0      7.01      7.05     11.92
  11537    5421.0     25.20     25.81     11.71
  11551    4876.0      6.79      7.93     12.36
  11552    4523.0     11.73     14.34     12.31
  11554    3099.0     11.48     11.55     11.54
  11571    4758.0      8.86     10.88     12.76
  11579    5902.0      2.93      3.31     13.41
  11611    5417.0      5.92      6.74     13.88
  11613    2668.0      9.06      9.13     14.07
  11633    4691.0      0.59      0.65     12.35
  11650    9064.0      6.11      6.91     13.56
  11656    4577.0      3.19      3.48     14.12
  11662    5303.0      4.16      4.65     12.42
  11683    5034.0      2.53      2.83     13.33
  11713    4769.0      7.10      8.24     14.52
  11723    4896.0      6.38      7.50     12.91
  11724    6203.0      9.49     11.08     13.58
  11729    4629.0      2.48      2.75     15.51
  11790    4545.0      4.07      4.90     12.73
  11792    4812.0      3.83      4.41     13.02
  11809   10887.0      3.25      3.57     13.03
  11810    4719.0      9.40     11.65     12.77
  11837    5335.0      3.12      3.63     12.98
  11849    5840.0      5.04      6.08     12.56
  11855    5602.0      4.68      5.35     12.71
  11876    3968.0      3.15      3.43     14.80
  11896    7658.0      2.75      3.05     13.61
  11919    5370.0      7.22      7.37     12.17
  11941    6849.0      1.83      2.01     14.85
  11955    5357.0      7.00      7.05     13.41
  11973    4215.0     19.69     20.63     11.16
  11982    4810.0      5.50      6.15     14.19
  11983    4901.0      2.21      2.41     13.56
  11994    4877.0      7.03      9.02     12.47
  12075    5366.0     11.18     11.37     13.22
  12093    8327.0      4.23      4.91     13.24
  12122    1339.0      7.79     10.61     10.92
  12134    7346.0      6.32      7.56     12.93
  12135    4075.0      9.00      9.09     13.70
  12141    2091.0     12.20     12.30     13.76
  12142    7501.0      5.34      6.08     13.48
  12159    7287.0      1.26      1.40     12.60
  12160    1554.0     32.60     33.78     12.15
  12172    7570.0      4.10      4.60     13.13
  12173    4777.0      5.38      6.97     11.84
  12197    7466.0      3.80      4.21     14.36
  12230    6426.0      8.65     10.93     12.27
  12260    5542.0      3.42      3.99     14.32
  12278    5773.0      2.64      2.93     13.65
  12291    7762.0      3.75      4.51     13.66
  12294    2193.0     25.16     34.63     10.83
  12295    4827.0      4.23      4.87     13.30
  12299    6681.0      2.67      2.96     12.87
  12308    2221.0     16.72     21.61     13.30
  12321    2160.0      4.97      5.42     15.24
  12325    5926.0      3.10      3.59     13.10
  12331    5793.0      2.20      2.43     13.64
  12343    2381.0     42.95     44.21      9.89
  12354    3892.0      3.16      3.49     13.63
  12355    7720.0      2.76      3.07     14.53
  12358    5320.0      0.69      0.75     14.08
  12370    4895.0      6.83      7.80     13.81
  12378    6241.0     12.49     16.11     12.43
  12382    3497.0      3.59      3.98     14.55
  12392    1707.0     55.33     56.47     11.09
  12403    4523.0      5.88      6.50     14.80
  12417    3488.0      3.55      3.94     12.75
  12421    4053.0     13.52     13.68     13.01
  12423    4861.0     13.47     20.17     12.31
  12427    3695.0      4.79      5.28     14.38
  12429    4281.0      3.27      3.90     13.62
  12441    6967.0      1.96      2.14     14.81
  12442    2679.0     20.94     25.63     12.18
  12447    2692.0     35.36     53.61     10.56
  12459    8002.0      2.20      2.43     14.11
  12486    4958.0     16.26     19.75     11.87
  12494    4193.0      5.66      6.50     13.99
  12498    4181.0      2.06      2.37     12.64
  12504    2441.0      7.42      7.56     13.99
  12511    3554.0     22.88     35.45     12.53
  12521    3630.0      4.00      4.06     12.73
  12527    4275.0      3.59      3.99     12.00
  12538    4904.0      3.00      3.28     13.24
  12539    3756.0      3.48      4.18     11.92
  12543    5984.0      2.59      2.83     13.45
  12555    4920.0      4.62      5.09     14.80
  12593    4972.0      4.24      4.92     13.26
  12598    3474.0     26.74     27.10     11.69
  12618    5142.0      5.53      6.73     12.02
  12631    9179.0      3.82      4.20     13.19
  12634    5456.0      5.29      5.35     14.03
  12641    2692.0      4.94      5.43     14.01
  12644    5490.0      3.96      4.51     13.54
  12654    4041.0      7.76     10.87     11.81
  12658    9503.0      1.76      1.98     14.65
  12664    6619.0      3.26      3.66     14.14
  12667    3793.0      5.67      6.72     12.31
  12673    4201.0      1.78      1.94     15.22
  12675    3036.0      1.01      1.10     14.07
  12678    8955.0      1.45      1.61     13.38
  12701    8855.0      0.81      0.88     14.41
  12705    3969.0     11.73     13.87     14.09
  12712    9443.0      1.37      1.55     12.83
  12721    7603.0      6.21      7.15     12.81
  12746    7437.0      5.60      6.32     13.24
  12755    8800.0      2.04      2.44     12.44
  12772    7684.0      2.49      2.93     12.25
  12777    2930.0     15.55     18.52     11.92
  12780    5169.0     12.26     20.10     10.99
  12781    4855.0      1.96      2.18     12.99
  12787    6745.0      2.33      2.54     13.38
  12792   11517.0      2.64      3.06     13.05
  12799    5314.0      8.40      9.59     14.75
  12803    8942.0      1.82      2.15     12.36
  12810    8110.0      5.69      6.80     12.62
  12814    5792.0      2.20      2.21     13.97
  12816    5322.0      9.61     11.78     13.21
  12817    9272.0      2.07      2.30     13.54
  12818    5564.0      4.76      5.42     13.13
  12844    7896.0      3.47      4.03     13.95
  12864    4686.0     10.60     12.91     12.95
  12871    6411.0      2.60      2.93     13.23
  12886    6630.0      4.60      5.53     13.62
  12888    5050.0      7.27      7.35     13.31
  12898    4780.0      4.32      4.74     15.23
  12901    6895.0      3.79      4.53     12.84
  20471    1551.0     17.23     17.46     13.05
  20649    6376.0     15.43     15.55     12.08
  20704    1999.0     16.68     16.99     11.52
  21687    5022.0      6.07      6.19     13.98
  21739    4315.0      7.35      7.40     12.66
  21882    4952.0     25.75     26.00     11.88
  22485    3950.0     17.03     17.16     12.29
  22974    4279.0      7.82      7.86     13.32
  23540    6271.0      6.22      6.36     12.91
  24033    4467.0      3.59      3.81     12.43
  24101    3565.0      4.84      5.58     14.29
  24452    3276.0     14.30     14.42     13.07
  24486    2732.0     20.09     20.59     12.85
  24532    3044.0     22.13     22.27     11.63
  24739    1392.0     22.68     22.93     13.60
  24745    1748.0     23.49     23.65     12.20
  24747    1836.0     52.80     53.75     10.95
  24966    6277.0     13.52     16.43     11.32
  24981    1703.0     25.73     26.35     11.53
  24990    2574.0     12.68     12.80     13.62
  25098    2256.0     14.72     14.90     11.55
  25162    2840.0     13.04     13.17     13.46
  25174    6294.0      4.53      4.73     13.13
  25251    2660.0     13.12     15.40     12.38
  25357    1711.0     23.86     24.15     12.86
  25484    2677.0     16.06     16.20     11.82
  26085    1775.0      7.73      7.80     13.35
  26138    1713.0     37.23     37.52     11.87
  26163    4581.0     31.87     32.37     11.52
  26262    1956.0     11.45     11.56     13.19
  26360    2122.0     11.87     11.98     11.84
  26380    2436.0     10.20     10.29     11.89
  26389    4428.0      5.99      6.62     12.48
  26634    4300.0     14.77     14.92     12.06
  26671    2790.0     16.83     17.05     10.42
  26697    3778.0     12.40     12.98     11.33
  26733    2664.0     19.61     19.77     12.63
  26740    2385.0     10.06     10.19     12.52
  26748    2810.0     30.06     30.64     12.24
  26794    3722.0      7.32      7.42     14.66
  26824    2793.0     22.54     22.88     11.06
  26841    4942.0      4.32      4.64     13.82
  26945    2611.0     22.50     22.94     12.03
  26964    3606.0     10.05     10.32     12.33
  27067    2893.0     19.51     20.07      9.75
  27187    3804.0     18.96     19.25     13.05
  27358    2772.0     26.86     27.14     10.92
  27386    4389.0      7.62      7.66     13.51
  27392    4414.0      4.07      4.44     12.61
  27404    3081.0      4.46      4.61     12.47
  27407    3885.0      3.00      3.02     13.38
  27441    5243.0      9.07      9.18     11.73
  27489    3465.0      4.04      4.05     13.89
  27566    2054.0     26.44     28.12     12.17
  27584    3426.0      1.55      1.66     12.51
  27596    3737.0     18.09     18.46     11.40
  27669    3619.0     12.07     12.13     12.52
  27689    3538.0      9.34      9.37     12.86
  27792    3367.0     14.07     14.17     11.98
  27904    7185.0      2.69      2.85     13.58
  28007    6625.0      2.16      2.27     12.80
  28033    7088.0      6.41      6.44     13.65
  28144    2021.0     16.83     17.09     11.09
  28169    1685.0      4.22      4.53     14.61
  28198    1710.0     80.46     82.84     10.73
  28289    2197.0     15.20     15.30     12.87
  28292    1660.0     10.82     10.89     13.42
  28345    1721.0     20.11     20.83     12.13
  28382    2167.0      5.22      5.42     13.43
  28471    4019.0     10.90     10.99     12.56
  28479    6854.0      1.38      1.49     14.20
  28485    3932.0      3.70      3.73     11.24
  28657    2952.0      8.85      8.91     12.02
  28771    3543.0      2.33      2.35     13.92
  28778    5300.0     15.28     15.43     11.92
  28906    3355.0      5.11      5.36     12.94
  29082    2808.0     12.90     13.21     12.77
  29140    3053.0      8.27      8.41     12.34
  29327    2960.0     11.24     11.33     12.66
  29366    6151.0      3.19      3.26     14.42
  29453    1946.0      4.50      4.99     13.90
  29511    2087.0     16.25     17.11     13.02
  29560    2260.0      5.10      5.13     12.49
  29565    4270.0      5.54      5.56     14.32
  29585    2656.0     13.96     14.17     11.32
  29603    5216.0      3.66      3.87     12.14
  29737    3464.0      8.08      9.16     13.54
  29872    2596.0     12.40     12.53     11.81
  29893    6721.0      3.90      4.01     12.31
  29955    7002.0      2.66      2.77     13.31
  30136    4860.0      7.46      7.49     14.01
  30158    5053.0     19.17     19.31     12.13
  30425    4768.0      7.76      7.82     12.71
  30457    6065.0      0.71      0.75     13.93
  30549    2755.0     10.69     10.77     12.71
  30573    3749.0      4.59      4.82     13.76
  30634    5986.0      4.76      4.78     13.79
  30669    2840.0     10.39     10.56     11.57
  30724    3775.0     19.74     20.07     12.29
  30772    4533.0      4.88      5.38     13.02
  30800    3300.0      2.99      3.01     14.14
  30851    2588.0      8.56      8.61     12.12
  30870    6338.0      7.16      7.37     13.59
  30872    6133.0      6.35      6.38     12.91
  30890    3258.0      9.27      9.32     12.65
  30906    3980.0      7.93      8.35     13.57
  30920    3517.0     23.03     23.23     12.55
  30954    3808.0      9.35      9.41     13.78
  31083    5422.0      4.46      4.59     13.96
  31112    6406.0      2.34      2.36     13.78
  31147    6947.0      7.06      7.38     14.02
  31161    3683.0      4.15      4.17     15.27
  31180    6054.0     11.78     11.81     13.89
  31181    2315.0     16.41     16.70     11.02
  31241    5767.0     14.31     14.41     12.18
  31248    6757.0      5.60      5.62     13.84
  31266    4571.0     10.94     10.99     12.51
  31271    5708.0      8.12      8.46     14.19
  31297    4513.0     20.20     20.28     13.07
  31331    5784.0      7.02      7.35     14.32
  31539    6639.0      9.32      9.35     14.16
  32665    6140.0      5.90      6.06     14.01
  32834    5855.0      2.45      2.57     14.55
  33086    2315.0     24.29     24.44     11.98
  33278    6132.0      8.67      8.81     13.75
  33316    3338.0      2.41      2.45     14.09
  33373    3051.0     12.99     13.08     12.14
  33397    3394.0      3.09      3.14     14.33
  33571    6150.0      5.29      5.79     14.40
  34682    3460.0      6.51      6.55     12.25
  34950    5202.0      9.92      9.97     12.79
  34977    1791.0      2.65      2.76     14.02
  35331    2674.0      8.61      8.65     14.52
  35733    3177.0     11.48     11.99     10.76
  36008    6136.0      7.52      9.01     12.65
  36357    5791.0      4.14      4.16     13.10
 100146    5799.0      3.02      3.31     13.12
 100151    5225.0      6.55      7.08     14.02
 100244    1383.0      3.45      3.66     14.65
 100269    5209.0      2.69      2.90     14.01
 100303    5182.0      2.46      2.68     13.96
 100364    5652.0      1.61      1.76     13.85
 100381    5182.0      1.90      2.06     14.86
 100561    5072.0      2.49      2.73     14.64
 110090    6821.0      1.83      1.97     14.62
 110255    4209.0      2.32      2.55     14.42
 110334    4141.0      1.41      1.51     14.27
 110363    6611.0      2.33      2.51     14.31
 110417   12231.0      0.36      0.39     13.84
 110463    4836.0      1.60      1.73     14.56
 110684    4848.0      2.16      2.34     14.79
 120005    5014.0      0.85      0.92     13.28
 120052    5203.0      3.71      4.04     14.07
 120082    4313.0      1.84      1.98     14.63
 120156    3787.0      2.06      2.21     14.58
 120257    4215.0      2.51      2.77     14.06
 120304    6465.0      1.61      1.73     14.50
 130341    5739.0      3.93      4.32     14.15
 200399    9711.0      0.39      0.47     14.69
 210681    4895.0      0.24      0.26     14.37
 221149    8103.0      0.20      0.21     13.55
 260183   11985.0      1.18      1.30     13.72
 260350   10177.0      1.21      1.34     13.79
 310136    4937.0      3.31      3.58     13.92
 310171    3740.0      2.23      2.42     13.54
 320193    6128.0      5.29      5.82     13.72
 320218    6451.0      2.28      2.47     13.74
 320308    5195.0      1.72      1.85     14.16
 320443    5658.0      2.88      3.11     12.21
 330078    3711.0      4.52      4.90     14.18
 330144    4714.0      2.78      3.02     14.49
 330179    3582.0      0.86      0.95     13.60
 330249    6059.0      1.74      1.87     14.08
 330260    3873.0      3.24      3.55     13.83
 330261    3937.0      5.75      6.27     14.16
 330449    5270.0      2.63      2.94     14.30
 330451    5710.0      3.92      4.30     14.09
 330453    6108.0      2.18      2.41     14.45
 330469    5183.0      1.97      2.15     13.13
 330529    5170.0      1.25      1.35     14.21
 330564    7115.0      0.49      0.53     13.45
 330581    9869.0      0.29      0.31     15.02
 330584   10295.0      0.54      0.57     14.85
 330598    9949.0      0.35      0.38     13.83
 330721    7601.0      1.49      1.58     14.52
 330765   11884.0      1.70      1.88     13.41
 330768    9400.0      4.52      4.94     13.04
 330778    7433.0      1.56      1.67     13.79
 330781    7718.0      2.10      2.25     14.39
 330923    9298.0      1.55      1.67     13.71
 330925    8302.0      2.27      2.44     14.46
 330958    8313.0      0.53      0.58     13.64
 330980    8125.0      0.64      0.68     13.84
 330986    7460.0      1.64      1.79     15.02
 330992    7949.0      0.46      0.50     13.70
 330996    7963.0      0.94      1.02     13.81
 331013    7505.0      0.33      0.37     13.63
 331021    7903.0      2.78      3.01     14.30
 331060    4461.0      1.86      2.04     15.20
 400001    6463.0      3.45      3.65     12.90
 400228    5329.0     10.24     10.52     12.77
 400257    6119.0      5.31      5.78     12.72
 400261    3553.0     22.30     22.82     12.81
 400265    4132.0     15.63     15.81     11.88
 400271    4035.0      3.40      3.46     12.82
 400274    6180.0      5.42      5.93     13.30
 400296    5034.0      3.20      3.26     12.93
 400305    4930.0      5.51      5.55     13.42
 400367    6825.0     12.50     12.56     13.46
 400375    5845.0      5.34      5.39     12.07
 400393    4046.0     32.45     32.89     11.44
 400411    5434.0     16.92     17.34     12.22
 400516    5659.0      1.54      1.57     13.14
 400521    5480.0      6.10      6.23     12.34
 410067    5748.0      7.30      7.68     12.10
 410080    5815.0      3.08      3.20     13.21
 410203    1959.0     16.63     16.85     12.22
 410352    5171.0      3.76      3.92     13.64
 410367    5505.0      6.10      6.28     13.16
 410384    5003.0     10.69     11.32     12.01
 410401    1639.0     30.78     31.40     11.79
 410414    4787.0      4.36      4.38     12.83
 420030    1931.0     17.32     17.74     11.68
 420037    2005.0     12.71     14.36     13.12
 420042    5038.0      7.75      7.89     14.40
 420056    4018.0      8.69      9.71     11.53
 420064    5254.0      3.32      3.92     11.27
 420067    4312.0     15.99     16.83     12.11
 420095    6886.0      3.55      3.93     13.36
 420105    2096.0      5.13      5.43     13.04
 420110    4487.0      6.00      6.06     11.02
 420143    4778.0     20.94     26.98     12.26
 420150    4765.0      7.18      7.50     12.27
 420158    4422.0      4.87      5.04     12.59
 420244    1411.0     67.94     77.19      9.81
 420260    3468.0     10.45     10.81     11.74
 420275    5321.0      6.52      6.78     13.10
 420340    2281.0     10.68     12.33     12.50
 430082    4026.0     26.62     29.50     10.75
 430088    3947.0     15.21     21.11     11.29
 430121    5448.0      4.14      4.16     14.24
 430371    4152.0     12.57     13.57     11.64
 430424    4125.0     14.70     15.03     11.06
 430438    2162.0     10.96     12.16     11.79
 430441    5630.0      5.42      5.60     12.88
 430459    1584.0      7.25      7.55     11.77
 430475    5326.0      2.02      2.13     13.67
 430536    3798.0     17.72     19.16     12.17
 430544    3987.0      3.95      4.43     12.48
 440168    4330.0      9.54      9.65     11.88
 440177    4776.0      5.04      5.73     13.00
 440292    4876.0     15.30     16.21     11.23
 440304    4766.0      9.22      9.31     11.68
 440309    5000.0     19.29     22.28     11.59
 440314    4964.0      1.76      1.77     12.98
 440326    4528.0      4.66      5.57     11.97
 440348    4671.0      5.48      5.73     11.80
 440373    4472.0      1.97      2.08     13.58
 440388    4527.0      8.05      8.27     12.65
 440399    5702.0      3.05      3.17     12.55
 440406    4920.0     16.00     18.23     13.32
 440415    5507.0      7.48      9.06     12.28
 440418    4110.0     11.46     11.57     12.87
 440441    3442.0      8.72      9.00     12.42
 440444    3674.0      7.23      7.53     12.97
 440448    3635.0     13.24     15.28     11.69
 450008    6853.0      4.37      4.71     13.54
 450033    1943.0     32.57     33.06     10.44
 450046    2823.0     16.86     17.38     12.11
 450056    3190.0     14.01     14.59     12.71
 450061    2541.0      9.99     10.96     11.47
 450071    7039.0      6.95      7.16     14.61
 450096    7154.0      2.29      2.60     12.80
 460001    2213.0      5.85      6.14     12.63
 460016    6179.0      7.72      7.86     13.10
 480016    4604.0      5.18      6.42     12.31
 480050    4313.0      4.81      5.22     12.90
 480063    3966.0      7.49      7.66     13.20
 480064    2910.0      4.80      5.14     12.30
 480066    5582.0     14.26     14.34     12.66
 480084    4858.0     11.96     12.92     12.78
 480085    2758.0     11.25     13.70     12.07
 480086    3717.0     18.90     23.62     11.63
 480088    5806.0      6.36      6.48     13.24
 490002    6471.0      6.77      7.55     12.74
 490006    1891.0     16.70     19.00     11.14
 490007    5832.0      4.16      4.83     12.32
 490097    2666.0      9.71     10.91     12.10
 490113    5365.0      4.46      4.58     12.62
 490128    4474.0      3.29      3.66     12.46
 490130    1852.0      6.25      6.95     13.57
 490136    5744.0     12.43     13.30     11.95
 490160    6589.0      4.47      4.92     12.80
 500011    4985.0      5.65      5.78     12.24
 500015    5016.0      6.08      6.62     13.27
 500163    2492.0     16.05     21.39     12.08
 500190    1914.0     12.25     12.37     11.90
 500203    6153.0      2.89      2.92     13.28
 500213    2462.0      7.22      8.04     12.71
 500216    4205.0     18.38     18.54     11.85
 500227    6678.0      4.00      4.14     13.90
 510008    7208.0      6.01      6.67     13.05
 510016    3930.0      9.65     10.41     13.39
 510058    5386.0     11.07     12.78     12.56
 510082    2119.0      4.63      4.67     11.60
 510089    6413.0      2.43      2.48     13.36
 510090    3660.0      5.40      5.71     13.97
 510097    5016.0      4.82      4.97     12.88
 510106    5034.0      4.60      5.58     13.72
 510118    5127.0      7.24      7.92     13.45
 520042    5436.0      5.47      5.83     13.27
 520051    2012.0     13.02     14.75     11.22
 520076    4843.0      4.99      5.39     12.71
 520117    4349.0      5.30      5.75     12.56
 520163    4293.0     22.99     23.60     11.54
 520292    3740.0      1.87      1.98     12.41
 520377    6454.0      3.80      4.08     13.39
 520402    3821.0      9.81     11.21     12.06
 520412    4655.0     11.03     13.33     12.15
 530005    4007.0      9.15     10.23     12.40
 530033    1678.0     35.14     35.99     10.41
 530053    2755.0     12.68     15.97     11.17
 530120    2903.0     14.28     15.00     12.16
 530258    4198.0      9.64     10.42     12.76
 530314    4269.0      7.27      7.69     13.51
 530342    2316.0     19.42     26.27     10.96
 530350    6485.0      9.59     10.64     12.40
 530379    4324.0     20.81     23.13     12.25
 540009    3320.0     18.71     19.75     12.35
 540063    4645.0     10.32     11.56     12.01
 540111    6767.0      7.81      7.83     13.50
 540131    2196.0     35.16     35.98     11.89
 540134    2145.0      9.10      9.79     11.29
 540149    6999.0      7.99      8.24     13.56
 540152    3014.0      5.73      6.21     12.37
 550029    1991.0     31.19     31.61     10.38
 560008    1575.0      7.65      8.78     13.76
 560012    1565.0     62.68     64.34     11.58
 590024    6000.0      9.61      9.70     12.57
 600042    5521.0      8.63      8.99     13.16
 600049    5755.0      4.47      4.59     12.75
 600084    5801.0      6.81      8.12     12.74
 600138    6013.0     14.80     15.04     12.96
 600180    6708.0      1.40      1.41     12.93
 610018    2229.0      9.82     11.09     13.14
 610126    5362.0      3.87      3.88     14.14
 620041    4905.0      6.84      7.90     11.93
 620087    4907.0     10.30     10.87     11.70
 620110    5455.0      4.36      4.88     13.67
 620162    2967.0      7.40      7.90     12.20
 620200    2860.0     10.10     11.02     11.22
 620203    5046.0     13.07     15.72     12.73
 630027    5708.0      2.37      2.44     14.56
 630028    6222.0      4.60      4.77     13.28
 630217    5162.0      5.71      6.41     13.00
 630233    2017.0     52.38     59.01     10.65
 630257    2112.0     15.00     15.84     12.67
