#  UGC obs  band epsilon Sky FWHM  n  mu_e  r_e  r_e  mu_0     h    h   B/D
#                                            ''  kpc          ''  kpc   B/D
   10  044  B  0.295  22.33  1.8 1.0 21.92  2.2  1.7 22.01  15.2 11.8  0.04
   10  043  V  0.295  21.55  2.0 1.4 21.32  2.8  2.2 21.09  14.3 11.1  0.07
   10  042  R  0.295  21.09  1.8 1.5 20.82  3.0  2.4 20.50  13.7 10.6  0.08
   10  754  H  0.295  13.96  1.2 1.3 17.48  1.7  1.3 17.58   9.2  7.1  0.08
   16  036  B  0.157  22.25  1.4 1.2 20.90  2.9  1.0 21.36  18.4  6.4  0.08
   16  039  V  0.157  21.44  2.1 1.9 21.08  6.8  2.4 20.78  20.3  7.1  0.22
   16  034  R  0.157  20.53  1.4 1.4 19.45  3.2  1.1 19.88  16.5  5.8  0.12
   52  026  B  0.175  21.93  2.1 0.7 22.15  2.0  0.7 21.10  13.3  4.7  0.01
   52  040  V  0.175  21.50  1.2 0.8 21.26  3.0  1.0 20.16  12.0  4.2  0.04
   52  025  R  0.175  20.34  2.3 1.1 20.92  3.0  1.1 19.56  11.0  3.9  0.04
   52  041  R  0.175  21.07  1.8 1.0 20.73  2.9  1.0 19.57  11.4  4.0  0.04
  463  031  B  0.197  22.05  2.9 0.4 20.05  1.1  0.3 20.49  14.2  4.3  0.01
  463  085  V  0.197  21.59  2.2 0.5 19.67  1.6  0.5 19.86  14.8  4.4  0.02
  463  030  R  0.197  20.55  2.5 0.5 19.23  1.7  0.5 19.27  13.9  4.2  0.02
  463  409  H  0.197  13.64  2.1 0.5 16.32  1.6  0.5 16.87  13.7  4.1  0.03
  728  042  B  0.716  22.50  1.4 0.7 21.91  3.6  1.2 21.84  26.3  8.7  0.03
  728  041  R  0.716  20.80  1.3 0.9 21.31  4.9  1.6 20.74  23.9  7.9  0.04
  784  069  B  0.428  22.17  1.8 0.6 21.79  0.9  0.3 20.78   8.6  2.8  0.01
  784  068  V  0.428  21.20  0.4 0.5 21.10  1.3  0.4 19.86   7.5  2.4  0.01
  784  067  R  0.428  20.84  0.3 0.5 20.35  1.3  0.4 19.29   7.0  2.3  0.02
  784  922  H  0.428  13.69  1.6 0.5 17.81  0.8  0.3 16.74   5.9  1.9  0.01
  927  102  B  0.463  22.62  2.4 0.9 23.20  1.5  0.6 21.20  15.0  6.0  0.00
  927  101  V  0.463  21.82  2.3 1.5 22.99  3.2  1.3 20.53  15.0  6.0  0.01
  927  100  R  0.463  21.36  2.5 1.9 22.85  5.0  2.0 20.04  15.0  6.0  0.02
  927  607  H  0.463  14.19  2.5 2.7 20.81  5.7  2.3 17.59  12.1  4.9  0.03
  929  088  B  0.122  20.96  0.8 0.5 21.34  1.4  0.7 21.12   9.6  4.7  0.03
  929  118  V  0.122  18.50  2.1 0.8 20.27  0.9  0.4 20.53   9.7  4.7  0.02
  929  086  V  0.122  20.61  1.8 0.6 20.53  1.2  0.6 20.40   8.8  4.3  0.03
  929  117  R  0.122  18.62  1.0 0.6 20.27  1.5  0.7 19.93   8.3  4.0  0.04
  929  087  R  0.122  20.25  2.3 0.6 19.81  0.9  0.4 19.89   8.0  3.9  0.02
 1089  047  B  0.180  21.89  2.3 0.8 21.73  1.8  0.6 20.46  10.2  3.4  0.02
 1089  046  R  0.180  20.64  2.4 0.7 20.34  1.8  0.6 19.35  10.0  3.4  0.02
 1089  087  R  0.180  20.22  3.2 0.4 19.82  1.6  0.5 19.42  10.5  3.5  0.02
 1089  268  H  0.180  14.14  1.8 2.0 19.08  4.2  1.4 17.38  10.4  3.5  0.09
 1529  056  B  0.184  22.07  1.9 0.6 21.73  1.5  0.5 21.02  13.2  4.1  0.01
 1529  082  V  0.184  21.20  1.3 0.8 20.39  1.5  0.5 20.11  12.3  3.8  0.02
 1529  055  R  0.184  20.78  1.2 0.8 19.93  1.6  0.5 19.56  11.6  3.6  0.02
 1529  403  H  0.184  13.94  1.7 0.7 17.22  1.4  0.4 17.03  10.1  3.1  0.03
 1629  091  B  0.359  21.02  0.9 0.7 20.32  1.5  0.4 19.84   9.0  2.7  0.03
 1629  090  V  0.359  20.58  1.4 0.8 19.35  1.6  0.5 19.09   8.7  2.6  0.05
 1629  089  R  0.359  20.20  1.5 0.8 18.79  1.7  0.5 18.57   8.4  2.5  0.06
 1808  054  B  0.085  22.26  1.0 0.8 21.05  1.1  0.7 20.90   9.1  5.6  0.02
 1808  063  V  0.085  21.42  2.0 1.2 20.91  2.0  1.2 20.19   9.1  5.6  0.05
 1808  053  R  0.085  20.84  1.3 1.4 19.86  1.7  1.0 19.61   8.6  5.3  0.07
 1808  604  H  0.085  13.97  1.9 0.8 16.99  1.7  1.1 17.34   7.9  4.9  0.11
 2213  030  B  0.113  21.69  2.1 1.0 22.60  2.0  0.0 21.83  15.2  0.2  0.02
 2213  029  R  0.113  20.14  1.5 1.2 21.11  2.8  0.0 20.58  12.6  0.2  0.06
 2258  040  B  0.238  21.42  1.9 0.3 20.68  1.0  0.3 20.25   9.4  2.6  0.01
 2258  094  B  0.238  21.14  1.5 0.6 20.88  1.1  0.3 20.25   9.3  2.5  0.01
 2258  039  V  0.238  20.62  2.2 0.6 19.87  1.0  0.3 19.53   8.6  2.4  0.01
 2258  093  V  0.238  20.75  1.5 0.6 19.79  1.1  0.3 19.51   8.6  2.4  0.02
 2258  037  R  0.238  20.09  1.6 0.6 19.46  1.3  0.4 19.08   8.6  2.4  0.03
 2258  092  R  0.238  20.43  1.3 0.7 19.33  1.3  0.3 19.04   8.3  2.3  0.03
 2258  583  H  0.238  13.74  1.9 0.5 16.19  0.8  0.2 16.58   6.8  1.9  0.03
 2303  063  B  0.101  22.26  1.9 0.9 20.38  2.6  1.1 20.77  11.2  4.7  0.14
 2303  099  V  0.101  21.17  1.3 1.1 19.26  2.6  1.1 19.85  10.4  4.4  0.21
 2303  062  R  0.101  20.96  2.0 1.0 18.82  2.7  1.2 19.29  10.2  4.3  0.20
 2303  655  H  0.101  14.12  2.2 1.0 15.86  2.1  0.9 16.53   8.5  3.6  0.21
 3062  037  B  0.487  22.32  1.7 1.4 23.64  3.5  0.8 20.65  14.5  3.3  0.01
 3062  091  B  0.487  22.09  2.0 1.0 23.75  3.9  0.9 20.70  14.9  3.4  0.01
 3062  090  V  0.487  21.40  1.8 1.2 22.58  5.4  1.2 19.94  14.1  3.2  0.03
 3062  089  R  0.487  21.04  1.6 1.0 21.72  5.1  1.2 19.39  13.4  3.1  0.03
 3062  534  H  0.487  13.61  0.9 0.6 17.52  1.4  0.3 16.64   9.8  2.2  0.01
 3070  094  B  0.397  22.45  1.9 0.7 22.79  5.2  0.8 21.41  12.6  2.0  0.08
 3070  093  V  0.397  21.35  2.1 0.9 22.20  5.5  0.9 20.95  12.5  2.0  0.11
 3070  092  R  0.397  20.81  1.8 0.8 21.58  5.2  0.8 20.57  12.2  2.0  0.12
 3140  079  B  0.076  20.95  1.7 1.0 20.66  2.7  0.8 20.45  11.5  3.4  0.09
 3140  066  B  0.076  22.07  1.7 1.1 20.71  2.8  0.8 20.48  12.9  3.8  0.08
 3140  061  B  0.076  21.90  2.5 1.4 21.24  3.6  1.1 20.62  13.6  4.0  0.09
 3140  096  V  0.076  20.64  2.6 1.5 20.34  4.3  1.3 20.04  13.9  4.1  0.17
 3140  060  V  0.076  20.88  2.4 1.4 20.18  4.0  1.2 20.01  13.9  4.1  0.16
 3140  078  R  0.076  20.44  1.8 1.3 19.37  3.6  1.1 19.40  12.8  3.8  0.17
 3140  065  R  0.076  20.66  1.8 1.3 19.36  3.5  1.1 19.35  12.6  3.7  0.16
 3140  059  R  0.076  20.30  1.8 1.3 19.43  3.6  1.1 19.42  13.0  3.9  0.16
 3140  448  H  0.076  14.31  2.2 1.9 17.19  4.1  1.2 17.13  12.0  3.6  0.28
 3245  042  B  0.287  21.73  1.6 0.8 21.37  1.8  0.6 21.65  18.0  5.8  0.02
 3245  041  R  0.287  20.25  2.5 1.0 20.03  1.5  0.5 20.24  15.5  5.0  0.02
 3245  030  R  0.287  20.37  1.7 1.2 20.52  2.1  0.7 20.28  15.7  5.1  0.03
 3245  042  H  0.287  13.97  1.8 0.8 17.07  1.4  0.4 17.70  11.6  3.8  0.04
 3379  112  B  0.523  20.75  1.7 1.1 20.60  1.9  0.5 21.06  21.5  6.0  0.02
 3379  111  V  0.523  20.47  1.4 1.2 19.20  1.8  0.5 19.95  17.6  4.9  0.04
 3379  110  R  0.523  20.05  1.9 1.4 18.96  2.0  0.6 19.46  18.0  5.0  0.04
 3471  044  B  0.375  21.77  2.2 1.5 22.64  5.7  2.1 21.51  19.4  7.2  0.07
 3471  033  B  0.375  22.15  2.7 1.5 22.80  6.3  2.3 21.52  19.6  7.3  0.07
 3471  804  H  0.375  13.60  1.2 1.4 17.73  2.6  1.0 17.34  11.5  4.3  0.08
 4227  065  B  0.115  22.10  1.3 0.6 20.93  3.2  0.8 21.33  14.1  3.6  0.12
 4227  064  R  0.115  20.89  1.9 0.8 19.92  3.6  0.9 20.26  15.3  3.9  0.13
 4227  021  H  0.115  14.20  2.8 0.9 17.77  3.6  0.9 18.15  13.9  3.5  0.17
 4227  123  H  0.115  13.93  3.2 0.9 17.83  3.6  0.9 18.13  13.8  3.5  0.16
 4778  071  B  0.086  19.39  0.3 0.6 20.78  2.6  1.9 21.22  11.0  8.0  0.13
 4778  070  R  0.086  19.26  2.3 1.5 20.19  5.3  3.9 20.31  11.2  8.1  0.57
 4978  090  B  0.225  22.08  1.5 1.0 23.77  8.5  2.2 23.53  23.5  6.0  0.20
 4978  089  R  0.225  20.70  2.3 0.8 22.13  2.8  0.7 21.29  10.2  2.6  0.06
 5674  092  B  0.296  21.98  1.8 1.3 21.92  3.4  2.1 21.45  14.5  8.9  0.08
 5674  054  B  0.296  22.06  2.0 1.3 22.03  3.4  2.1 21.38  13.9  8.5  0.07
 5674  091  R  0.296  20.57  1.8 1.4 20.32  3.8  2.3 20.26  12.6  7.7  0.19
 5808  078  B  0.085  22.14  1.8 1.0 22.91  1.7  0.9 20.93   8.5  4.2  0.01
 6128  085  B  0.164  21.80  0.4 0.7 20.52  1.6  0.1 20.21  12.5  1.1  0.02
 6128  084  R  0.164  20.27  1.2 1.3 19.69  2.5  0.2 18.96  11.4  1.0  0.05
 6128  235  H  0.164  13.72  1.4 1.8 17.84  3.3  0.3 16.71  10.7  0.9  0.08
 6413  080  B  0.125  21.52  2.3 1.0 22.84  3.6  1.5 21.67  11.0  4.7  0.07
 6413  079  R  0.125  20.00  2.1 1.1 21.15  3.8  1.6 20.65  10.5  4.5  0.16
 7357  089  B  0.251  21.70  2.4 0.6 22.44  2.9  1.2 21.74  13.2  5.6  0.04
 7357  088  R  0.251  20.23  1.7 0.5 20.95  2.9  1.2 20.56  10.7  4.5  0.07
 7357  077  R  0.251  20.69  2.0 0.6 20.84  2.5  1.0 20.58  10.7  4.5  0.07
 7632  036  B  0.431  22.11  0.4 0.9 21.56  2.3  1.1 21.86  18.8  8.9  0.04
 7632  035  V  0.431  21.21  1.9 2.0 21.94  4.4  2.1 21.16  18.6  8.8  0.07
 7632  034  R  0.431  20.73  1.7 1.6 20.72  3.2  1.5 20.55  16.9  8.0  0.07
 7632  223  H  0.431  14.48  2.7 1.8 18.83  4.1  1.9 18.12  13.2  6.2  0.12
 9467  067  B  0.431  22.53  1.6 0.5 22.50  2.1  0.5 20.90  11.2  2.7  0.01
 9467  068  B  0.431  22.53  1.6 0.5 22.50  2.1  0.5 20.90  11.2  2.7  0.01
 9467  064  B  0.431  22.46  2.0 0.8 21.78  1.5  0.4 20.89  11.3  2.7  0.01
 9467  065  B  0.431  22.45  0.3 0.5 21.81  1.8  0.4 20.87  11.2  2.7  0.02
 9467  066  V  0.431  21.44  1.7 0.9 21.02  1.9  0.5 20.21  10.6  2.6  0.03
 9467  065  R  0.431  20.75  1.9 0.6 20.79  2.1  0.5 19.67   9.8  2.4  0.03
 9467  067  R  0.431  20.90  1.4 0.7 20.34  1.8  0.4 19.64   9.7  2.4  0.03
 9467  203  H  0.431  14.66  2.8 1.0 18.60  3.0  0.7 17.64   9.5  2.3  0.08
 9467  226  H  0.431  14.08  1.9 1.1 18.35  2.2  0.5 17.54   8.9  2.2  0.06
 9467  091  H  0.431  13.65  2.4 0.9 18.36  2.2  0.5 17.49   8.5  2.1  0.06
 9908  079  B  0.054  22.33  2.3 1.4 20.70  4.1  0.5 20.54  11.5  1.4  0.24
 9908  076  V  0.054  21.43  1.7 1.3 19.48  3.5  0.4 19.64  10.4  1.3  0.28
 9908  077  V  0.054  21.43  1.7 1.3 19.51  3.6  0.4 19.69  10.6  1.3  0.29
 9908  075  R  0.054  21.03  1.7 1.3 18.90  3.4  0.4 19.02   9.6  1.2  0.30
 9908  080  R  0.054  20.99  1.8 1.3 18.95  3.5  0.4 19.07   9.7  1.2  0.31
 9908  281  H  0.054  14.20  2.1 1.0 16.21  3.1  0.4 16.66   8.6  1.0  0.37
 9933  058  B  0.405  22.38  1.8 1.2 21.49  3.2  1.2 21.32  14.6  5.3  0.09
 9933  057  V  0.405  21.45  1.8 1.5 20.90  4.9  1.8 20.63  15.5  5.7  0.18
 9933  245  H  0.405  14.23  2.3 1.6 17.79  4.9  1.8 17.57  13.9  5.1  0.24
 9933  580  H  0.405  14.36  1.3 1.7 17.13  2.7  1.0 17.17  11.4  4.2  0.14
 9933  107  H  0.405  13.64  2.7 1.6 17.81  4.8  1.7 17.51  12.9  4.7  0.25
10436  083  B  0.067  22.51  1.7 0.5 21.38  1.2  0.7 21.33  10.9  6.4  0.02
10436  082  V  0.067  21.57  1.6 0.7 20.34  1.3  0.8 20.37   9.4  5.5  0.03
10436  081  R  0.067  21.24  1.9 0.8 19.74  1.3  0.7 19.81   9.0  5.3  0.04
10436  261  H  0.067  14.22  2.0 0.1 16.33  1.1  0.6 17.40   7.0  4.1  0.07
10436  172  H  0.067  13.85  2.1 0.4 16.64  1.0  0.6 17.24   6.5  3.8  0.06
10526  082  B  0.243  22.40  2.1 0.2 22.92  1.3  0.8 21.15   8.3  5.5  0.01
10526  081  V  0.243  21.53  1.6 0.6 22.11  1.6  1.1 20.44   7.8  5.2  0.01
10526  080  R  0.243  21.16  1.9 0.7 21.54  1.7  1.1 19.99   7.6  5.1  0.02
10888  070  V  0.304  21.57  2.2 0.8 20.12  2.6  1.0 20.28  10.0  4.1  0.14
10888  032  V  0.304  20.98  1.9 1.1 19.38  1.7  0.7 20.35  10.5  4.3  0.13
10888  069  R  0.304  20.16  1.3 0.5 19.38  2.3  1.0 19.44   8.2  3.4  0.12
10888  031  R  0.304  20.64  1.9 1.2 18.93  1.8  0.7 19.83  10.2  4.2  0.15
10888  034  R  0.304  20.36  1.7 1.0 18.73  1.8  0.7 19.80  10.0  4.1  0.17
10888  045  R  0.304  20.31  1.7 0.8 18.74  1.8  0.7 19.67   9.3  3.8  0.15
10888  097  H  0.304  13.39  2.0 1.2 16.34  1.8  0.7 17.35   8.8  3.6  0.22
11064  018  B  0.295  21.12  1.7 1.0 21.81  2.3  1.1 21.99  25.7 11.9  0.02
11064  017  R  0.295  20.03  1.6 1.3 20.57  3.0  1.4 20.45  23.1 10.7  0.03
11091  049  B  0.391  22.54  2.9 0.3 22.86  1.3  0.6 21.58  10.4  4.9  0.01
11091  048  V  0.391  21.59  2.6 0.3 22.09  1.7  0.8 20.82  10.1  4.8  0.01
11091  047  R  0.391  21.19  2.6 0.3 21.44  1.5  0.7 20.27   9.1  4.3  0.01
11091  526  H  0.391  13.65  1.5 0.7 19.03  2.2  1.0 18.17   9.2  4.4  0.04
11236  042  B  0.474  21.83  1.7 0.7 21.71  1.9  0.7 20.54  12.1  4.7  0.01
11236  071  V  0.474  21.32  3.0 1.0 22.06  3.6  1.4 19.72  11.2  4.3  0.02
11236  041  V  0.474  20.79  1.9 1.0 20.99  2.8  1.1 19.72  11.5  4.4  0.04
11236  072  R  0.474  20.01  1.9 0.5 20.98  3.1  1.2 19.09  10.6  4.1  0.02
11236  040  R  0.474  20.67  2.3 1.5 21.06  4.5  1.7 19.19  11.0  4.2  0.07
11236  595  H  0.474  13.65  1.3 0.7 16.95  1.5  0.6 16.20   8.0  3.1  0.03
11236  103  H  0.474  13.60  1.8 1.2 17.65  2.2  0.8 16.28   8.3  3.2  0.04
11562  026  B  0.107  21.12  1.6 0.8 21.20  2.0  0.7 20.84  12.9  4.5  0.03
11562  025  R  0.107  20.18  1.8 0.9 19.63  1.9  0.7 19.21  10.1  3.6  0.04
11585  086  B  0.189  21.31  1.6 0.7 21.61  1.9  0.7 20.97  16.9  6.6  0.01
11585  085  V  0.189  20.69  1.6 0.7 20.47  1.9  0.7 20.02  15.2  5.9  0.02
11585  084  R  0.189  20.37  1.8 0.9 19.89  2.0  0.8 19.47  14.9  5.8  0.02
11765  058  B  0.437  22.28  2.0 2.3 23.93  2.9  1.3 21.10   8.4  3.7  0.02
11765  074  R  0.437  20.00  0.9 0.6 20.71  1.4  0.6 19.68   6.8  3.0  0.03
11765  057  R  0.437  20.97  1.6 1.1 20.68  1.1  0.5 19.67   6.9  3.0  0.02
12164  088  B  0.428  22.04  2.9 1.3 21.97  2.4  1.5 21.89  13.8  9.0  0.06
12164  087  V  0.428  21.25  2.8 1.8 21.30  3.1  2.0 21.08  13.4  8.7  0.11
12164  086  R  0.428  20.89  0.3 0.7 19.56  2.2  1.5 20.32  11.6  7.5  0.12
12164  505  H  0.428  13.62  2.2 1.8 17.59  2.3  1.5 18.14  11.4  7.4  0.17
12224  060  B  0.059  22.14  1.6 0.7 22.06  1.7  0.4 21.84  23.2  5.5  0.01
12224  059  V  0.059  21.10  1.5 0.7 21.31  1.9  0.5 20.97  20.2  4.8  0.01
12224  058  R  0.059  20.73  1.5 0.7 20.81  2.2  0.5 20.45  18.9  4.5  0.02
12224  571  H  0.059  13.61  2.5 0.6 18.08  1.6  0.4 18.10  15.6  3.7  0.02
12303  081  B  0.190  22.40  1.7 1.5 22.15  9.4  5.0 23.15  21.3 11.2  1.11
12303  080  V  0.190  21.37  1.3 1.7 21.11  8.9  4.7 22.71  22.4 11.8  1.66
12378  060  B  0.455  22.29  1.5 0.5 21.39  0.9  0.4 20.76  17.8  7.4  0.00
12378  059  V  0.455  21.27  1.7 0.6 20.69  1.0  0.4 19.91  15.4  6.4  0.00
12378  058  R  0.455  20.96  1.5 0.6 19.74  1.0  0.4 19.36  13.8  5.8  0.01
12378  355  H  0.455  14.10  1.3 0.6 16.73  1.1  0.5 16.67  10.7  4.5  0.01
12834  051  B  0.482  22.24  1.5 0.9 20.78  2.7  1.0 21.03  23.9  8.6  0.03
12834  041  B  0.482  20.86  2.2 0.8 21.08  3.3  1.2 21.08  25.9  9.3  0.03
12834  042  B  0.482  20.87  2.3 0.8 21.13  3.4  1.2 21.10  26.4  9.5  0.03
12834  050  V  0.482  21.19  1.5 0.9 19.69  2.8  1.0 20.01  21.3  7.6  0.04
12834  039  V  0.482  20.48  1.2 0.8 19.81  3.2  1.1 20.00  21.0  7.5  0.05
12834  040  V  0.482  20.49  2.4 0.9 20.13  3.5  1.3 20.02  21.3  7.6  0.04
12834  049  R  0.482  20.91  1.0 0.8 19.00  2.9  1.0 19.36  20.0  7.2  0.05
12834  037  R  0.482  20.23  1.9 0.9 19.18  3.1  1.1 19.39  20.2  7.2  0.05
12834  038  R  0.482  20.23  1.9 1.0 19.30  3.3  1.2 19.41  20.5  7.3  0.06
12834  400  H  0.482  13.75  1.0 1.4 16.37  3.1  1.1 16.85  19.8  7.1  0.08
