4.00  0.000  3.144 15.000 15.000 15.000 15.000 15.000 15.000                                                  
4.10  0.013  1.539 10.328 15.000 15.000 15.000 15.000 15.000                                                  
4.20  0.196  0.440  6.699 15.000 15.000 15.000 15.000 15.000                                                  
4.30  0.788  0.077  4.373 14.157 15.000 15.000 15.000 15.000                                                  
4.40  1.374  0.019  2.853 10.089 15.000 15.000 15.000 15.000                                                  
4.50  1.796  0.015  1.764  7.010 15.000 15.000 15.000 15.000                                                  
4.60  2.144  0.053  0.965  4.681 13.020 15.000 15.000 15.000                                                  
4.70  2.542  0.200  0.438  2.972  9.302 15.000 15.000 15.000                                                  
4.80  3.062  0.496  0.178  1.775  6.482 12.090 15.000 15.000                                                  
4.90  3.681  0.906  0.117  0.950  4.335  8.216 15.000 15.000                                                  
5.00  4.407  1.426  0.231  0.428  2.727  5.212 15.000 15.000                                                  
5.10  5.260  2.074  0.521  0.179  1.579  2.932 15.000 15.000                                                  
5.20  6.235  2.845  0.971  0.166  0.817  1.246 15.000 15.000                                                  
5.30  7.572  3.979  1.815  0.607  0.627  0.300 15.000 15.000                                                  
5.40  9.313  5.520  3.088  1.526  1.010  0.060  9.747 15.000                                                  
5.50 11.005  7.016  4.337  2.459  1.483  0.016  7.305 15.000                                                  
5.60 12.530  8.351  5.441  3.279  1.905  0.006  5.364 12.824                                                  
5.70 13.895  9.529  6.403  3.983  2.261  0.003  3.804  9.409                                                  
5.80 15.000 10.561  7.230  4.574  2.544  0.002  2.546  6.654                                                  
5.90 15.000 11.442  7.919  5.044  2.739  0.013  1.550  4.445                                                  
6.00 15.000 12.214  8.508  5.429  2.877  0.072  0.824  2.731                                                  
6.10 15.000 12.982  9.101  5.833  3.059  0.242  0.404  1.502                                                  
6.20 15.000 13.841  9.789  6.343  3.369  0.557  0.278  0.710                                                  
6.30 15.000 14.832 10.616  7.003  3.848  1.030  0.409  0.287                                                  
6.40 15.000 15.000 11.539  7.765  4.447  1.602  0.696  0.111                                                  
6.50 15.000 15.000 12.468  8.539  5.071  2.177  1.022  0.047                                                  
6.60 15.000 15.000 13.359  9.285  5.672  2.711  1.331  0.022                                                  
6.70 15.000 15.000 14.206  9.994  6.243  3.198  1.608  0.011                                                  
6.80 15.000 15.000 15.000 10.663  6.782  3.641  1.854  0.006                                                  
6.90 15.000 15.000 15.000 11.298  7.290  4.047  2.073  0.004                                                  
7.00 15.000 15.000 15.000 11.903  7.772  4.422  2.270  0.002                                                  
7.10 15.000 15.000 15.000 12.486  8.232  4.770  2.447  0.002                                                  
7.20 15.000 15.000 15.000 13.048  8.673  5.096  2.609  0.001                                                  
7.30 15.000 15.000 15.000 13.593  9.098  5.404  2.759  0.001                                                  
7.40 15.000 15.000 15.000 14.124  9.510  5.696  2.898  0.001                                                  
7.50 15.000 15.000 15.000 14.650  9.917  5.984  3.032  0.000                                                  
7.60 15.000 15.000 15.000 15.000 10.312  6.258  3.162  0.000                                                  
7.70 15.000 15.000 15.000 15.000 10.690  6.517  3.283  0.000                                                  
7.80 15.000 15.000 15.000 15.000 11.057  6.765  3.397  0.000                                                  
7.90 15.000 15.000 15.000 15.000 11.416  7.006  3.508  0.000                                                  
8.00 15.000 15.000 15.000 15.000 11.769  7.241  3.616  0.000                                                  
8.10 15.000 15.000 15.000 15.000 12.116  7.472  3.722  0.000                                                  
8.20 15.000 15.000 15.000 15.000 12.460  7.699  3.826  0.000                                                  
8.30 15.000 15.000 15.000 15.000 12.800  7.924  3.930  0.000                                                  
8.40 15.000 15.000 15.000 15.000 13.138  8.146  4.033  0.000                                                  
8.50 15.000 15.000 15.000 15.000 13.472  8.366  4.136  0.000                                                  
8.60 15.000 15.000 15.000 15.000 13.805  8.585  4.238  0.000                                                  
8.70 15.000 15.000 15.000 15.000 14.136  8.803  4.340  0.000                                                  
8.80 15.000 15.000 15.000 15.000 14.466  9.020  4.443  0.000                                                  
8.90 15.000 15.000 15.000 15.000 14.794  9.235  4.545  0.000                                                  
9.00 15.000 15.000 15.000 15.000 15.000  9.451  4.648  0.000