4.00  0.001  2.540 15.000 15.000 15.000 15.000 15.000 15.000 15.000                                           
4.10  0.040  1.060 15.000 15.000 15.000 15.000 15.000 15.000 15.000                                           
4.20  0.412  0.213  8.299 15.000 15.000 15.000 15.000 15.000 15.000                                           
4.30  1.159  0.031  5.705 15.000 15.000 15.000 15.000 15.000 15.000                                           
4.40  1.733  0.008  3.778 12.163 15.000 15.000 15.000 15.000 15.000                                           
4.50  2.072  0.006  2.341  8.420 15.000 15.000 15.000 15.000 15.000                                           
4.60  2.325  0.024  1.315  5.641 13.834 15.000 15.000 15.000 15.000                                           
4.70  2.626  0.120  0.623  3.612  9.764 15.000 15.000 15.000 15.000                                           
4.80  3.078  0.374  0.244  2.181  6.727 14.651 15.000 15.000 15.000                                           
4.90  3.679  0.775  0.114  1.200  4.468 10.489 15.000 15.000 15.000                                           
5.00  4.397  1.293  0.174  0.557  2.792  7.268 12.247 15.000 15.000                                           
5.10  5.256  1.950  0.430  0.227  1.612  4.825  8.254 15.000 15.000                                           
5.20  6.233  2.725  0.848  0.151  0.828  3.001  5.176 15.000 15.000                                           
5.30  7.317  3.608  1.410  0.291  0.370  1.683  2.838 15.000 15.000                                           
5.40  8.558  4.652  2.162  0.676  0.244  0.841  1.163 15.000 15.000                                           
5.50 10.188  6.089  3.332  1.524  0.651  0.646  0.284 10.962 15.000                                           
5.60 12.150  7.863  4.860  2.764  1.506  0.991  0.063  8.197 15.000                                           
5.70 14.025  9.556  6.323  3.967  2.370  1.419  0.019  6.108 14.136                                           
5.80 15.000 11.071  7.622  5.029  3.130  1.800  0.007  4.447 10.556                                           
5.90 15.000 12.412  8.761  5.948  3.776  2.117  0.004  3.111  7.671                                           
6.00 15.000 13.579  9.737  6.719  4.301  2.350  0.006  2.042  5.348                                           
6.10 15.000 14.586 10.563  7.353  4.708  2.499  0.029  1.219  3.504                                           
6.20 15.000 15.000 11.311  7.920  5.067  2.631  0.114  0.656  2.105                                           
6.30 15.000 15.000 12.088  8.524  5.479  2.842  0.311  0.362  1.124                                           
6.40 15.000 15.000 12.968  9.241  6.016  3.202  0.655  0.324  0.517                                           
6.50 15.000 15.000 13.973 10.084  6.692  3.721  1.140  0.498  0.215                                           
6.60 15.000 15.000 15.000 10.985  7.433  4.319  1.685  0.775  0.091                                           
6.70 15.000 15.000 15.000 11.874  8.168  4.922  2.217  1.069  0.042                                           
6.80 15.000 15.000 15.000 12.729  8.880  5.501  2.710  1.343  0.021                                           
6.90 15.000 15.000 15.000 13.544  9.558  6.053  3.161  1.590  0.012                                           
7.00 15.000 15.000 15.000 14.317 10.199  6.572  3.574  1.811  0.007                                           
7.10 15.000 15.000 15.000 15.000 10.811  7.063  3.955  2.009  0.004                                           
7.20 15.000 15.000 15.000 15.000 11.399  7.531  4.309  2.189  0.003                                           
7.30 15.000 15.000 15.000 15.000 11.966  7.979  4.640  2.353  0.002                                           
7.40 15.000 15.000 15.000 15.000 12.515  8.409  4.951  2.504  0.001                                           
7.50 15.000 15.000 15.000 15.000 13.049  8.825  5.245  2.645  0.001                                           
7.60 15.000 15.000 15.000 15.000 13.576  9.233  5.532  2.778  0.001                                           
7.70 15.000 15.000 15.000 15.000 14.094  9.633  5.810  2.910  0.001                                           
7.80 15.000 15.000 15.000 15.000 14.592 10.015  6.071  3.032  0.000                                           
7.90 15.000 15.000 15.000 15.000 15.000 10.384  6.320  3.147  0.000                                           
8.00 15.000 15.000 15.000 15.000 15.000 10.745  6.561  3.258  0.000                                           
8.10 15.000 15.000 15.000 15.000 15.000 11.099  6.796  3.366  0.000                                           
8.20 15.000 15.000 15.000 15.000 15.000 11.448  7.027  3.473  0.000                                           
8.30 15.000 15.000 15.000 15.000 15.000 11.793  7.254  3.577  0.000                                           
8.40 15.000 15.000 15.000 15.000 15.000 12.134  7.478  3.681  0.000                                           
8.50 15.000 15.000 15.000 15.000 15.000 12.472  7.699  3.784  0.000                                           
8.60 15.000 15.000 15.000 15.000 15.000 12.807  7.919  3.887  0.000                                           
8.70 15.000 15.000 15.000 15.000 15.000 13.140  8.137  3.990  0.000                                           
8.80 15.000 15.000 15.000 15.000 15.000 13.471  8.354  4.092  0.000                                           
8.90 15.000 15.000 15.000 15.000 15.000 13.801  8.570  4.194  0.000                                           
9.00 15.000 15.000 15.000 15.000 15.000 14.130  8.786  4.297  0.000                               