#----- -----
#[Fe/  [O/F 
#H] ([ e] ([
#Sun]) Sun])
#----- -----
-0.35  0.29
-0.29  0.24
-0.11  0.40
-0.27  0.35
-0.26  0.43
-0.41  0.30
-0.19  0.27
-0.36  0.33
-0.58  0.36
-0.35  0.37
-0.38  0.18
-0.18  0.30
-0.17  0.35
-0.39  0.20
-0.15  0.21
-0.32  0.28
-0.69  0.39
-0.43  0.33
-0.12  0.25
-0.16  0.26
-0.35  0.31
-0.28  0.21
-0.31  0.22
-0.39  0.46
-0.29  0.24
-0.42  0.30
-0.31  0.21
-0.01  0.24
-0.12  0.35
-0.52  0.40
-0.33  0.22
-0.48  0.41
-0.28  0.27
-0.25  0.28
-0.19  0.34
-0.36  0.34
-0.38  0.31
-0.39  0.36
-0.54  0.29
-0.01  0.17
-0.45  0.39
-0.22  0.30
-0.56  0.26
-0.16  0.18
-0.12  0.19
-0.20  0.25
-0.24  0.42
-0.21  0.34
 0.04  0.17
-0.38  0.32
-0.25  0.20
-0.08  0.15
-0.21  0.21
-0.42  0.33
-0.44  0.28
-0.29  0.21
-0.23  0.14
-0.28  0.38
-0.53  0.36
-0.41  0.33
-0.28  0.27
-0.43  0.22
-0.35  0.41
-0.06  0.29
-0.24  0.39
-0.25  0.22
-0.47  0.33
 0.05  0.19
-0.14  0.17
-0.15  0.22
-0.62  0.38
-0.35  0.32
-0.31  0.20
-0.45  0.29
-0.15  0.26
-0.46  0.34
-0.18  0.38
-0.36  0.22
-0.31  0.34
-0.25  0.19
-0.46  0.30
-0.39  0.18
-0.38  0.32
-0.42  0.43
-0.44  0.55
-0.48  0.59
-0.35  0.22
-0.32  0.34
-0.45  0.34
-0.38  0.25
-0.28  0.36
-0.41  0.25
-0.39  0.26
-0.23  0.29
-0.23  0.41
-0.44  0.37
-0.42  0.36
-0.38  0.49
-0.49  0.38
-0.36  0.35
-0.37  0.51
-0.60  0.49
-0.37  0.30
-0.36  0.28
-0.17  0.33
-0.05  0.21
-0.17  0.23
-0.09  0.24
-0.38  0.34
-0.22  0.26
-0.07  0.34
-0.10  0.26
-0.41  0.24
 0.11  0.19
-0.27  0.39
-0.14  0.50
 0.00  0.17
-0.37  0.29
-0.31  0.30
-0.46  0.30
-0.33  0.33
-0.09  0.21
-0.44  0.44
-0.53  0.39
-0.39  0.28
 0.00  0.21
-0.08  0.25
-0.26  0.32
-0.46  0.30
-0.35  0.31
-0.19  0.17
-0.29  0.22
-0.20  0.25
-0.30  0.30
-0.44  0.29
-0.32  0.34
-0.11  0.14
-0.54  0.17
-0.63  0.53
-0.23  0.19
-0.54  0.22
-0.39  0.35
-0.24  0.21
-0.66  0.53
-0.36  0.32
-0.48  0.44
-0.12  0.22
-0.18  0.34
-0.27  0.27
-0.27  0.31
-0.36  0.37
-0.34  0.18
-0.21  0.33
-0.57  0.36
-0.39  0.29
-0.14  0.34
-0.31  0.24
-0.05  0.26
-0.55  0.37
-0.22  0.50
-0.33  0.43
-0.16  0.18
-0.39  0.25
-0.18  0.22
-0.27  0.25
-0.21  0.28
-0.06  0.29
-0.30  0.17
-0.31  0.30
-0.54  0.37
-0.51  0.44
-0.20  0.22
-0.31  0.40
-0.16  0.31
-0.24  0.09
-0.29  0.38
-0.04  0.25
-0.48  0.34
-0.58  0.34
-0.24  0.31
-0.53  0.43 
