#                 N     E_N   e_N   obs
#          R     /H ([ /H ([ /H ([  (0 = IR,)
#recno     (kpc) Sun]) Sun]) Sun])   1 = OPT)
#--------  ----- ----- ----- -----  ---------
  1       0.01  8.57  0.13  0.18           0
  2       0.20  8.35  0.17  0.28           0
  3       0.20  8.62  0.11  0.15           0
  4       0.27  7.71  0.28  1.11           0
  5       3.00  8.37  0.14  0.20           0
  6       3.01  8.28  0.16  0.27           0
  7       3.42  9.02  0.23  0.54           0
  8       4.10  8.50  0.11  0.15           0
  9       4.20  8.30  0.14  0.20           0
 10       4.29  7.75  0.16  0.26           0
 11       4.48  8.64  0.20  0.38           0
 12       4.50  8.60  0.17  0.29           0
 13       4.50  8.18  0.14  0.21           0
 14       4.55  8.24  0.16  0.26           0
 15       4.70  8.47  0.12  0.17           0
 16       4.70  8.64  0.12  0.16           0
 17       4.70  8.63  0.12  0.16           0
 18       4.74  7.83  0.18  0.32           0
 19       4.83  8.93  0.23  0.50           0
 20       5.00  8.71  0.21  0.41           1
 21       5.20  8.18  0.10  0.14           0
 22       5.20  8.36  0.09  0.11           0
 23       5.20  8.64  0.13  0.18           0
 24       5.50  8.29  0.12  0.16           1
 25       5.53  7.63  0.17  0.27           0
 26       5.80  8.05  0.12  0.17           0
 27       5.80  8.50  0.12  0.16           1
 28       5.80  8.72  0.25  0.65           1
 29       5.90  7.53  0.10  0.14           0
 30       6.00  8.29  0.11  0.15           1
 31       6.00  8.81  0.27  0.81           1
 32       6.06  7.42  0.16  0.27           0
 33       6.20  7.29  0.15  0.23           0
 34       6.20  8.02  0.11  0.14           1
 35       6.30  8.61  0.13  0.19           0
 36       6.30  8.60  0.12  0.17           0
 37       6.30  8.19  0.12  0.17           0
 38       6.30  8.89  0.26  0.75           1
 39       6.30  8.47  0.21  0.43           1
 40       6.40  8.32  0.20  0.39           1
 41       6.40  7.68  0.26  0.78           1
 42       6.50  8.30  0.11  0.15           1
 43       6.50  8.11  0.20  0.37           1
 44       6.50  7.88  0.10  0.13           1
 47       6.60  7.76  0.10  0.14           1
 48       6.70  8.07  0.10  0.13           0
 49       6.80  8.11  0.10  0.14           0
 50       7.53  6.99  0.18  0.32           0
 51       7.55  8.22  0.23  0.52           0
 52       7.60  7.92  0.19  0.33           0
 54       7.70  7.68  0.15  0.23           0
 56       7.70  7.92  0.10  0.14           1
 57       7.70  8.10  0.18  0.31           1
 58       7.92  8.00  0.14  0.20           0
 59       7.92  7.57  0.24  0.59           1
 61       8.11  7.71  0.22  0.46           1
 63       8.40  7.09  0.09  0.11           1
 64       8.50  7.73  0.22  0.45           0
 68       8.66  7.82  0.11  0.14           1
 69       8.70  7.74  0.07  0.08           0
 71       8.70  7.81  0.24  0.56           1
 72       8.70  7.31  0.14  0.20           1
 73       8.80  8.17  0.09  0.12           0
 74       8.80  8.16  0.10  0.12           0
 76       8.89  7.45  0.13  0.18           1
 77       9.00  7.29  0.13  0.19           1
 78       9.20  7.98  0.22  0.45           1
 80       9.50  7.62  0.10  0.13           1
 81       9.60  6.89  0.16  0.26           0
 82       9.60  6.99  0.19  0.35           0
 83      10.10  7.48  0.11  0.14           0
 85      10.20  7.51  0.16  0.26           0
 87      10.20  8.13  0.06  0.07           0
 88      10.20  7.73  0.16  0.25           0
 90      10.20  7.45  0.11  0.16           1
 91      10.21  7.59  0.10  0.13           0
 95      10.70  7.14  0.10  0.14           1
 96      10.70  7.66  0.14  0.20           1
 98      10.90  7.64  0.12  0.17           1
 99      11.00  7.49  0.16  0.26           0
101      11.00  7.41  0.23  0.54           0
102      11.00  7.91  0.15  0.23           0
104      11.00  7.50  0.13  0.18           1
105      11.00  7.44  0.10  0.14           1
106      11.00  7.70  0.12  0.17           1
108      11.01  7.52  0.17  0.28           1
111      11.30  8.43  0.19  0.33           1
114      11.41  7.86  0.13  0.18           0
116      11.70  8.01  0.24  0.59           0
117      11.70  7.55  0.18  0.31           1
118      12.30  7.59  0.16  0.27           0
119      12.30  8.02  0.14  0.20           0
122      12.50  7.67  0.18  0.30           1
123      12.50  7.55  0.09  0.11           1
124      12.60  7.67  0.21  0.42           1
127      12.70  7.60  0.10  0.13           0
128      12.70  7.88  0.10  0.13           0
130      12.70  7.61  0.18  0.32           1
131      12.70  7.20  0.19  0.36           1
132      12.90  7.55  0.18  0.32           0
133      12.90  7.61  0.17  0.27           1
134      13.20  7.63  0.16  0.26           1
135      13.20  7.71  0.19  0.36           1
136      13.20  7.62  0.18  0.32           1
137      13.20  7.26  0.10  0.12           1
139      13.50  7.58  0.16  0.26           1
140      13.60  7.63  0.19  0.36           1
141      13.60  7.38  0.10  0.13           1
142      13.60  6.87  0.23  0.54           1
143      13.60  7.49  0.21  0.44           1
145      14.10  7.63  0.18  0.30           1
147      14.20  7.39  0.10  0.12           1
148      14.20  7.37  0.19  0.36           1
150      14.70  7.51  0.18  0.30           1
151      15.00  7.00  0.17  0.29           0
152      15.00  7.42  0.15  0.23           0
155      15.00  7.37  0.15  0.23           1
156      15.00  7.19  0.08  0.10           1
158      16.30  7.50  0.17  0.29           1
162      17.00  7.38  0.23  0.54           1
163      17.00  8.12  0.18  0.31           1
164      17.01  7.41  0.18  0.31           1
165      17.01  7.27  0.09  0.11           1
166      17.90  6.56  0.12  0.16           1
167      17.90  6.97  0.14  0.21           1
168      17.90  7.35  0.13  0.19           1
