#                 O     E_O   e_O   obs
#          R     /H ([ /H ([ /H ([  (0 = IR,)
#recno     (kpc) Sun]) Sun]) Sun])   1 = OPT)
#--------  ----- ----- ----- -----  ---------
  1       0.01  8.97  0.17  0.30           0
  2       0.20  8.72  0.15  0.23           0
  3       0.20  9.00  0.16  0.24           0
  4       0.27  7.14  0.26  0.70           0
  5       3.00  8.92  0.21  0.42           0
  6       3.01  8.06  0.12  0.17           0
  7       3.42  8.85  0.24  0.60           0
  8       4.10  8.95  0.18  0.32           0
  9       4.20  8.76  0.24  0.60           0
 10       4.29  8.03  0.27  0.86           0
 11       4.48  8.81  0.29  1.34           0
 12       4.50  8.91  0.28  0.96           0
 13       4.50  8.48  0.21  0.44           0
 14       4.55  8.70  0.25  0.65           0
 15       4.70  8.90  0.17  0.29           0
 16       4.70  9.06  0.17  0.27           0
 17       4.70  9.01  0.16  0.26           0
 18       4.74  8.32  0.27  0.83           0
 19       4.83  9.03  0.23  0.51           0
 21       5.20  8.70  0.15  0.23           0
 22       5.20  8.78  0.12  0.17           0
 23       5.20  9.03  0.18  0.32           0
 24       5.50  9.60  0.26  0.77           1
 25       5.53  8.03  0.12  0.16           0
 26       5.80  8.48  0.18  0.31           0
 27       5.80  9.67  0.29  1.44           1
 28       5.80  9.60  0.25  0.63           1
 29       5.90  8.06  0.15  0.22           0
 30       6.00  9.13  0.17  0.29           1
 31       6.00  9.27  0.26  0.73           1
 32       6.06  7.84  0.11  0.15           0
 33       6.20  7.84  0.15  0.23           0
 34       6.20  8.98  0.27  0.87           1
 35       6.30  8.98  0.19  0.34           0
 36       6.30  8.93  0.17  0.29           0
 37       6.30  8.80  0.17  0.29           0
 38       6.30  9.44  0.28  0.99           1
 39       6.30  9.21  0.28  0.96           1
 41       6.40  8.85  0.17  0.29           1
 42       6.50  9.18  0.22  0.48           1
 43       6.50  9.09  0.21  0.44           1
 44       6.50  8.77  0.19  0.34           1
 45       6.55  8.59  0.20  0.39           1
 46       6.60  8.51  0.20  0.38           1
 47       6.60  8.81  0.18  0.32           1
 48       6.70  8.79  0.13  0.19           0
 49       6.80  8.61  0.12  0.16           0
 50       7.53  7.70  0.16  0.27           0
 51       7.55  8.48  0.28  1.12           0
 52       7.60  8.37  0.27  0.93           0
 53       7.65  8.54  0.20  0.36           1
 54       7.70  8.23  0.21  0.44           0
 55       7.70  8.49  0.20  0.40           1
 56       7.70  8.92  0.19  0.34           1
 57       7.70  8.80  0.19  0.36           1
 58       7.92  8.72  0.15  0.22           0
 59       7.92  8.83  0.15  0.23           1
 60       8.10  8.31  0.19  0.36           1
 61       8.11  8.67  0.19  0.34           1
 62       8.40  8.48  0.19  0.35           1
 63       8.40  8.22  0.20  0.38           1
 64       8.50  8.25  0.29  1.39           0
 65       8.50  6.74  0.20  0.38           0
 66       8.50  8.43  0.19  0.35           1
 67       8.50  8.59  0.20  0.39           1
 68       8.66  8.85  0.19  0.35           1
 69       8.70  8.32  0.07  0.09           0
 70       8.70  8.38  0.19  0.35           1
 71       8.70  8.88  0.15  0.24           1
 72       8.70  9.29  0.27  0.81           1
 73       8.80  8.88  0.10  0.13           0
 74       8.80  8.89  0.10  0.13           0
 75       8.80  8.69  0.18  0.32           1
 76       8.89  8.55  0.16  0.26           1
 77       9.00  8.85  0.25  0.66           1
 78       9.20  8.91  0.20  0.37           1
 79       9.40  8.99  0.27  0.82           1
 80       9.50  8.73  0.18  0.30           1
 81       9.60  7.77  0.16  0.24           0
 82       9.60  7.70  0.21  0.40           0
 83      10.10  8.24  0.12  0.16           0
 84      10.10  8.37  0.19  0.33           1
 85      10.20  8.19  0.16  0.26           0
 87      10.20  8.88  0.06  0.07           0
 88      10.20  8.53  0.26  0.73           0
 89      10.20  8.25  0.18  0.33           1
 90      10.20  8.43  0.19  0.33           1
 91      10.21  8.36  0.12  0.17           0
 92      10.21  8.56  0.18  0.31           1
 93      10.65  8.44  0.19  0.34           1
 94      10.70  8.35  0.18  0.32           1
 95      10.70  8.38  0.17  0.28           1
 96      10.70  8.47  0.28  1.06           1
 97      10.80  8.25  0.18  0.30           1
 98      10.90  8.72  0.20  0.38           1
 99      11.00  8.16  0.21  0.42           0
100      11.00  8.24  0.29  1.20           0
101      11.00  8.16  0.28  1.11           0
102      11.00  8.41  0.21  0.43           0
103      11.00  7.80  0.26  0.75           1
104      11.00  8.59  0.18  0.33           1
105      11.00  8.77  0.18  0.30           1
106      11.00  8.61  0.14  0.20           1
107      11.01  8.32  0.18  0.32           1
109      11.02  8.13  0.27  0.88           0
110      11.10  8.36  0.17  0.29           1
112      11.40  8.28  0.18  0.31           1
113      11.41  8.42  0.15  0.23           0
114      11.41  8.56  0.18  0.33           0
115      11.41  8.33  0.18  0.31           1
116      11.70  8.60  0.29  1.20           0
118      12.30  8.26  0.27  0.80           0
119      12.30  8.62  0.20  0.36           0
120      12.30  8.45  0.18  0.31           1
121      12.50  8.41  0.18  0.31           1
122      12.50  9.04  0.19  0.33           1
123      12.50  8.30  0.18  0.31           1
124      12.60  8.74  0.18  0.32           1
125      12.65  8.06  0.26  0.78           0
126      12.70  8.07  0.27  0.83           0
127      12.70  8.33  0.10  0.12           0
128      12.70  8.45  0.09  0.12           0
129      12.70  8.67  0.18  0.30           1
130      12.70  8.48  0.14  0.21           1
131      12.70  8.09  0.17  0.27           1
132      12.90  8.54  0.28  1.02           0
133      12.90  8.76  0.28  0.98           1
134      13.20  8.44  0.18  0.33           1
137      13.20  8.40  0.16  0.27           1
138      13.50  8.12  0.17  0.30           1
140      13.60  8.93  0.14  0.21           1
141      13.60  8.59  0.17  0.27           1
142      13.60  8.43  0.16  0.25           1
143      13.60  8.77  0.13  0.18           1
144      14.10  7.93  0.17  0.28           1
146      14.20  8.22  0.17  0.29           1
147      14.20  8.44  0.17  0.27           1
149      14.60  8.07  0.24  0.57           0
151      15.00  7.68  0.17  0.29           0
152      15.00  8.20  0.15  0.23           0
153      15.00  8.46  0.30  1.65           0
154      15.00  8.20  0.17  0.29           1
156      15.00  8.15  0.12  0.17           1
157      15.20  8.42  0.17  0.28           1
159      16.80  7.96  0.17  0.27           1
160      16.80  7.91  0.17  0.27           1
161      17.00  8.15  0.16  0.26           1
163      17.00  8.44  0.15  0.22           1
165      17.01  8.25  0.17  0.28           1
166      17.90  7.59  0.20  0.39           1
167      17.90  7.55  0.26  0.77           1
168      17.90  7.92  0.22  0.47           1
