                  N     E_N   e_N  
          R      /O ([ /O ([ /O ([
recno     (kpc)  Sun]) Sun]) Sun])
--------  -----  ----- ----- -----
  1       0.01  -0.39  0.13  0.18
  2       0.20  -0.35  0.17  0.28
  3       0.20  -0.38  0.12  0.16
  4       0.27  -0.23  0.28  1.10
  5       3.00  -0.55  0.11  0.15
  6       3.01  -0.21  0.16  0.26
  7       3.42  -0.16  0.23  0.54
  8       4.10  -0.45  0.09  0.11
  9       4.20  -0.45  0.09  0.12
 10       4.29  -0.41  0.16  0.25
 11       4.48  -0.36  0.20  0.37
 12       4.50  -0.31  0.17  0.29
 13       4.50  -0.30  0.14  0.20
 14       4.55  -0.41  0.16  0.26
 15       4.70  -0.43  0.12  0.17
 16       4.70  -0.42  0.12  0.17
 17       4.70  -0.39  0.12  0.17
 18       4.74  -0.50  0.17  0.29
 19       4.83  -0.33  0.22  0.49
 21       5.20  -0.52  0.10  0.12
 22       5.20  -0.41  0.09  0.11
 23       5.20  -0.39  0.13  0.19
 24       5.50  -1.43  0.19  0.36
 25       5.53  -0.75  0.16  0.27
 26       5.80  -0.43  0.12  0.17
 28       5.80  -1.10  0.20  0.40
 29       5.90  -0.53  0.09  0.12
 32       6.06  -0.44  0.16  0.26
 33       6.20  -0.55  0.18  0.31
 35       6.30  -0.37  0.14  0.20
 36       6.30  -0.32  0.13  0.18
 37       6.30  -0.61  0.13  0.18
 39       6.30  -0.78  0.20  0.37
 41       6.40  -1.24  0.17  0.28
 42       6.50  -0.98  0.17  0.29
 43       6.50  -1.01  0.19  0.35
 44       6.50  -0.95  0.17  0.29
 47       6.60  -1.07  0.17  0.27
 48       6.70  -0.72  0.09  0.12
 49       6.80  -0.50  0.13  0.19
 50       7.53  -0.71  0.23  0.49
 51       7.55  -0.36  0.23  0.49
 52       7.60  -0.45  0.12  0.16
 54       7.70  -0.55  0.13  0.19
 56       7.70  -1.08  0.17  0.29
 57       7.70  -1.21  0.18  0.31
 58       7.92  -0.72  0.17  0.30
 61       8.11  -0.89  0.17  0.29
 63       8.40  -1.27  0.15  0.24
 64       8.50  -0.52  0.10  0.13
 68       8.66  -1.13  0.18  0.30
 69       8.70  -0.58  0.09  0.11
 73       8.80  -0.71  0.12  0.16
 74       8.80  -0.73  0.12  0.16
 76       8.89  -0.94  0.15  0.22
 78       9.20  -1.19  0.18  0.31
 80       9.50  -1.16  0.17  0.28
 81       9.60  -0.88  0.18  0.31
 82       9.60  -0.70  0.23  0.51
 83      10.10  -0.76  0.14  0.20
 85      10.20  -0.69  0.19  0.36
 87      10.20  -0.75  0.08  0.10
 88      10.20  -0.80  0.14  0.22
 90      10.20  -1.00  0.16  0.26
 91      10.21  -0.77  0.10  0.12
 95      10.70  -1.09  0.16  0.26
 98      10.90  -1.10  0.17  0.28
 99      11.00  -0.67  0.14  0.20
101      11.00  -0.76  0.22  0.48
102      11.00  -0.50  0.14  0.22
104      11.00  -1.12  0.17  0.30
105      11.00  -1.23  0.17  0.28
114      11.41  -0.70  0.12  0.16
116      11.70  -0.59  0.21  0.43
118      12.30  -0.56  0.16  0.26
119      12.30  -0.60  0.13  0.20
122      12.50  -1.37  0.18  0.31
123      12.50  -0.90  0.15  0.22
124      12.60  -1.15  0.19  0.34
127      12.70  -0.73  0.11  0.15
128      12.70  -0.57  0.12  0.16
131      12.70  -0.96  0.16  0.26
132      12.90  -0.99  0.16  0.25
134      13.20  -0.81  0.16  0.26
137      13.20  -1.21  0.16  0.25
141      13.60  -1.30  0.16  0.26
142      13.60  -1.05  0.15  0.24
147      14.20  -1.15  0.16  0.25
151      15.00  -0.68  0.21  0.41
152      15.00  -0.78  0.16  0.25
156      15.00  -1.04  0.12  0.17
163      17.00  -1.09  0.14  0.21
165      17.01  -1.13  0.15  0.23
167      17.90  -0.72  0.22  0.47
168      17.90  -0.59  0.19  0.33 
