#                  S     E_S   e_S  obs
#          R      /H ([ /H ([ /H ([ (0 = IR,)
#recno     (kpc)  Sun]) Sun]) Sun])  1 = OPT)
#--------  -----  ----- ----- ----- ---------
  1       0.01   7.30  0.09  0.12          0
  2       0.20   6.94  0.18  0.33          0
  3       0.20   7.33  0.09  0.11          0
  4       0.27   5.47  0.26  0.74          0
  5       3.00   7.25  0.14  0.21          0
  6       3.01   6.39  0.15  0.23          0
  7       3.42   7.18  0.21  0.42          0
  8       4.10   7.28  0.12  0.16          0
  9       4.20   7.08  0.17  0.28          0
 10       4.29   6.35  0.13  0.19          0
 11       4.48   7.04  0.22  0.45          0
 12       4.50   7.24  0.13  0.18          0
 13       4.50   6.80  0.11  0.15          0
 14       4.55   6.91  0.17  0.29          0
 15       4.70   7.23  0.09  0.11          0
 16       4.70   7.39  0.09  0.11          0
 17       4.70   7.34  0.09  0.11          0
 18       4.74   6.54  0.18  0.32          0
 19       4.83   7.36  0.20  0.39          0
 20       5.00   7.92  0.18  0.31          1
 21       5.20   7.03  0.10  0.13          0
 22       5.20   7.10  0.08  0.09          0
 23       5.20   7.36  0.10  0.13          0
 24       5.50   7.55  0.15  0.22          1
 25       5.53   6.15  0.14  0.22          0
 26       5.80   6.80  0.09  0.12          0
 27       5.80   8.00  0.11  0.16          1
 28       5.80   7.87  0.15  0.23          1
 29       5.90   6.38  0.13  0.18          0
 30       6.00   7.46  0.11  0.14          1
 31       6.00   7.59  0.16  0.25          1
 32       6.06   6.03  0.18  0.31          0
 33       6.20   6.17  0.13  0.19          0
 34       6.20   7.30  0.11  0.14          1
 35       6.30   7.31  0.10  0.13          0
 36       6.30   7.26  0.09  0.12          0
 37       6.30   7.13  0.10  0.12          0
 38       6.30   7.77  0.17  0.28          1
 39       6.30   7.57  0.16  0.26          1
 40       6.40   7.49  0.17  0.30          1
 41       6.40   7.27  0.12  0.16          1
 42       6.50   7.51  0.11  0.15          1
 43       6.50   7.34  0.22  0.47          1
 44       6.50   7.08  0.10  0.13          1
 47       6.60   7.16  0.10  0.13          1
 48       6.70   7.12  0.08  0.09          0
 49       6.80   6.94  0.10  0.13          0
 50       7.53   6.03  0.27  0.81          0
 51       7.55   6.81  0.18  0.33          0
 52       7.60   6.70  0.20  0.38          0
 54       7.70   6.55  0.15  0.24          0
 56       7.70   7.36  0.10  0.14          1
 57       7.70   6.93  0.16  0.26          1
 58       7.92   7.05  0.17  0.30          0
 59       7.92   6.96  0.18  0.33          1
 61       8.11   7.02  0.19  0.35          1
 63       8.40   6.39  0.12  0.17          1
 64       8.50   6.58  0.23  0.55          0
 65       8.50   5.07  0.20  0.38          0
 68       8.66   7.09  0.20  0.39          1
 69       8.70   6.65  0.08  0.09          0
 71       8.70   7.05  0.19  0.35          1
 72       8.70   7.51  0.19  0.35          1
 73       8.80   7.21  0.11  0.14          0
 74       8.80   7.22  0.11  0.15          0
 76       8.89   6.89  0.18  0.31          1
 77       9.00   7.18  0.10  0.13          1
 78       9.20   7.07  0.12  0.17          1
 80       9.50   7.17  0.10  0.13          1
 81       9.60   5.91  0.18  0.30          0
 82       9.60   6.03  0.22  0.48          0
 83      10.10   6.57  0.13  0.18          0
 85      10.20   6.47  0.19  0.34          0
 86      10.20   6.44  0.19  0.35          0
 87      10.20   7.21  0.10  0.12          0
 88      10.20   6.86  0.16  0.26          0
 90      10.20   7.00  0.18  0.32          1
 91      10.21   6.69  0.09  0.12          0
 95      10.70   7.22  0.18  0.32          1
 96      10.70   6.67  0.19  0.35          1
 98      10.90   7.13  0.18  0.30          1
 99      11.00   6.49  0.14  0.21          0
100      11.00   6.57  0.17  0.28          0
101      11.00   6.49  0.17  0.28          0
102      11.00   6.74  0.13  0.18          0
104      11.00   6.89  0.10  0.13          1
105      11.00   7.19  0.19  0.34          1
106      11.00   6.89  0.19  0.35          1
108      11.01   7.12  0.16  0.25          1
109      11.02   6.46  0.21  0.42          0
111      11.30   7.28  0.21  0.42          1
113      11.41   6.75  0.08  0.10          0
114      11.41   6.89  0.10  0.14          0
116      11.70   6.93  0.20  0.38          0
117      11.70   7.17  0.16  0.27          1
118      12.30   6.49  0.17  0.28          0
119      12.30   6.95  0.10  0.13          0
122      12.50   7.23  0.16  0.26          1
123      12.50   6.36  0.13  0.19          1
124      12.60   7.06  0.12  0.16          1
125      12.65   6.31  0.24  0.57          0
127      12.70   6.66  0.11  0.15          0
128      12.70   6.78  0.11  0.15          0
130      12.70   6.80  0.11  0.15          1
131      12.70   6.34  0.13  0.19          1
132      12.90   6.87  0.15  0.23          0
133      12.90   7.09  0.13  0.19          1
134      13.20   7.25  0.16  0.25          1
135      13.20   6.83  0.17  0.29          1
136      13.20   7.05  0.16  0.26          1
137      13.20   6.78  0.10  0.12          1
139      13.50   7.07  0.16  0.26          1
140      13.60   7.25  0.11  0.16          1
141      13.60   7.00  0.10  0.13          1
142      13.60   6.86  0.17  0.28          1
143      13.60   7.10  0.11  0.14          1
145      14.10   7.04  0.16  0.26          1
147      14.20   6.80  0.10  0.12          1
148      14.20   7.22  0.17  0.27          1
149      14.60   6.40  0.17  0.28          0
150      14.70   7.21  0.16  0.25          1
151      15.00   6.01  0.19  0.35          0
152      15.00   6.53  0.17  0.29          0
153      15.00   6.79  0.25  0.64          0
155      15.00   6.91  0.15  0.24          1
156      15.00   6.42  0.11  0.14          1
163      17.00   6.17  0.12  0.18          1
164      17.01   7.05  0.16  0.26          1
165      17.01   6.47  0.12  0.17          1
166      17.90   5.92  0.09  0.12          1
167      17.90   5.81  0.17  0.29          1
168      17.90   6.37  0.14  0.22          1
