4.00  1.024  0.043  4.192 15.000 15.000 15.000 15.000 15.000 15.000 15.000 15.000 15.000 15.000 15.000 15.000 
4.10  1.829  0.008  2.539 15.000 15.000 15.000 15.000 15.000 15.000 15.000 15.000 15.000 15.000 15.000 15.000 
4.20  2.463  0.020  1.391  9.534 15.000 15.000 15.000 15.000 15.000 15.000 15.000 15.000 15.000 15.000 15.000 
4.30  2.952  0.103  0.679  6.789 15.000 15.000 15.000 15.000 15.000 15.000 15.000 15.000 15.000 15.000 15.000 
4.40  3.400  0.304  0.299  4.836 11.175 15.000 15.000 15.000 15.000 15.000 15.000 15.000 15.000 15.000 15.000 
4.50  3.867  0.599  0.126  3.410  7.767 15.000 15.000 15.000 15.000 15.000 15.000 15.000 15.000 15.000 15.000 
4.60  4.339  0.928  0.057  2.322  5.079 15.000 15.000 15.000 15.000 15.000 15.000 15.000 15.000 15.000 15.000 
4.70  4.807  1.260  0.041  1.465  2.930 15.000 15.000 15.000 15.000 15.000 15.000 15.000 15.000 15.000 15.000 
4.80  5.323  1.640  0.111  0.834  1.248 15.000 15.000 15.000 15.000 15.000 15.000 15.000 15.000 15.000 15.000 
4.90  6.207  2.387  0.580  0.711  0.269  8.069 15.000 15.000 15.000 15.000 15.000 15.000 15.000 15.000 15.000 
5.00  7.579  3.619  1.559  1.185  0.042  5.626 13.876 15.000 15.000 15.000 15.000 15.000 15.000 15.000 15.000 
5.10  8.927  4.826  2.533  1.723  0.010  3.880 10.010 15.000 15.000 15.000 15.000 15.000 15.000 15.000 15.000 
5.20 10.107  5.862  3.354  2.162  0.004  2.550  7.017 13.452 15.000 15.000 15.000 15.000 15.000 15.000 15.000 
5.30 11.098  6.710  4.000  2.466  0.015  1.520  4.668  9.472 15.000 15.000 15.000 15.000 15.000 15.000 15.000 
5.40 11.963  7.431  4.529  2.686  0.084  0.761  2.846  6.332 11.300 15.000 15.000 15.000 15.000 15.000 15.000 
5.50 12.870  8.194  5.108  2.982  0.308  0.320  1.544  3.956  7.587 12.394 15.000 15.000 15.000 15.000 15.000 
5.60 13.939  9.113  5.849  3.464  0.733  0.206  0.730  2.266  4.820  8.373 12.984 15.000 15.000 15.000 15.000 
5.70 15.000 10.209  6.773  4.148  1.346  0.378  0.332  1.157  2.843  5.378  8.808 13.002 15.000 15.000 15.000 
5.80 15.000 11.482  7.879  5.033  2.139  0.803  0.289  0.536  1.526  3.235  5.696  8.776 11.882 15.000 15.000 
5.90 15.000 12.924  9.154  6.101  3.097  1.446  0.543  0.319  0.746  1.784  3.449  5.622  7.751 15.000 15.000 
6.00 15.000 14.520 10.586  7.340  4.211  2.284  1.048  0.435  0.402  0.893  1.900  3.334  4.664 15.000 15.000 
6.10 15.000 15.000 12.187  8.759  5.495  3.321  1.795  0.851  0.434  0.473  0.932  1.762  2.436 12.006 15.000 
6.20 15.000 15.000 14.035 10.434  7.029  4.629  2.845  1.613  0.867  0.526  0.525  0.856  0.987  8.429 15.000 
6.30 15.000 15.000 15.000 12.480  8.931  6.322  4.304  2.816  1.782  1.115  0.723  0.637  0.314  6.042 12.872 
6.40 15.000 15.000 15.000 14.678 10.981  8.177  5.942  4.222  2.932  1.978  1.248  0.807  0.110  4.453  9.778 
6.50 15.000 15.000 15.000 15.000 12.911  9.922  7.487  5.554  4.030  2.820  1.795  1.048  0.049  3.274  7.378 
6.60 15.000 15.000 15.000 15.000 14.655 11.491  8.867  6.735  4.997  3.554  2.268  1.256  0.029  2.353  5.465 
6.70 15.000 15.000 15.000 15.000 15.000 12.893 10.091  7.772  5.834  4.178  2.658  1.415  0.029  1.632  3.932 
6.80 15.000 15.000 15.000 15.000 15.000 14.173 11.200  8.705  6.579  4.725  2.994  1.551  0.053  1.082  2.713 
6.90 15.000 15.000 15.000 15.000 15.000 15.000 12.254  9.591  7.288  5.248  3.327  1.707  0.120  0.688  1.765 
7.00 15.000 15.000 15.000 15.000 15.000 15.000 13.314 10.490  8.019  5.804  3.708  1.932  0.262  0.451  1.064 
7.10 15.000 15.000 15.000 15.000 15.000 15.000 14.431 11.450  8.818  6.437  4.180  2.260  0.502  0.372  0.593 
7.20 15.000 15.000 15.000 15.000 15.000 15.000 15.000 12.482  9.693  7.153  4.745  2.690  0.838  0.430  0.318 
7.30 15.000 15.000 15.000 15.000 15.000 15.000 15.000 13.558 10.616  7.920  5.365  3.181  1.227  0.572  0.172 
7.40 15.000 15.000 15.000 15.000 15.000 15.000 15.000 14.632 11.546  8.702  6.006  3.690  1.627  0.748  0.098 
7.50 15.000 15.000 15.000 15.000 15.000 15.000 15.000 15.000 12.452  9.467  6.637  4.194  2.014  0.930  0.059 
7.60 15.000 15.000 15.000 15.000 15.000 15.000 15.000 15.000 13.325 10.204  7.244  4.677  2.379  1.106  0.037 
7.70 15.000 15.000 15.000 15.000 15.000 15.000 15.000 15.000 14.168 10.914  7.829  5.139  2.722  1.271  0.025 
7.80 15.000 15.000 15.000 15.000 15.000 15.000 15.000 15.000 14.984 11.602  8.393  5.581  3.044  1.425  0.017 
7.90 15.000 15.000 15.000 15.000 15.000 15.000 15.000 15.000 15.000 12.268  8.939  6.005  3.347  1.570  0.012 
8.00 15.000 15.000 15.000 15.000 15.000 15.000 15.000 15.000 15.000 12.916  9.467  6.412  3.634  1.706  0.009 
8.10 15.000 15.000 15.000 15.000 15.000 15.000 15.000 15.000 15.000 13.556  9.988  6.814  3.913  1.836  0.006 
8.20 15.000 15.000 15.000 15.000 15.000 15.000 15.000 15.000 15.000 14.183 10.499  7.205  4.183  1.965  0.005 
8.30 15.000 15.000 15.000 15.000 15.000 15.000 15.000 15.000 15.000 14.790 10.989  7.578  4.436  2.084  0.004 
8.40 15.000 15.000 15.000 15.000 15.000 15.000 15.000 15.000 15.000 15.000 11.466  7.938  4.677  2.198  0.003 
8.50 15.000 15.000 15.000 15.000 15.000 15.000 15.000 15.000 15.000 15.000 11.933  8.289  4.910  2.307  0.002 
8.60 15.000 15.000 15.000 15.000 15.000 15.000 15.000 15.000 15.000 15.000 12.393  8.634  5.138  2.414  0.002 
8.70 15.000 15.000 15.000 15.000 15.000 15.000 15.000 15.000 15.000 15.000 12.847  8.974  5.361  2.520  0.001 
8.80 15.000 15.000 15.000 15.000 15.000 15.000 15.000 15.000 15.000 15.000 13.296  9.309  5.581  2.624  0.001 
8.90 15.000 15.000 15.000 15.000 15.000 15.000 15.000 15.000 15.000 15.000 13.741  9.642  5.799  2.727  0.001 
9.00 15.000 15.000 15.000 15.000 15.000 15.000 15.000 15.000 15.000 15.000 14.183  9.972  6.014  2.830  0.001