#Name        Distance   M_B     Sigma_25         mu_B             mu_B0            R_d    R_d          i
#            (Mpc)      (mag)   (mag arcsec^-2)  (mag arcsec^-2)  (mag arcsec^-2)  (kpc)  (arcsec)  (deg)
UGC 191      17.60      -17.52  23.72            22.53            22.32            1.91   22.3       42
UGC 231      13.81      -17.13  23.28            21.34            26.74            2.20   32.9       89
UGC 290      12.70      -14.48  24.24            23.02            24.91            1.14   18.6       83
UGCA 9        5.21      -14.17  23.73            22.30            23.11            0.62   24.6       64
UGCA 15       4.43      -12.93  24.26            22.32            23.17            0.38   17.7       65
UGC 634      31.35      -17.67  23.90            22.66            23.13            2.89   19.0       60
UGC 685        5.5      -14.74  23.36            21.33            21.46            0.37   13.8       45
UGC 891      10.52      -15.53  23.88            22.34            23.42            1.25   24.6       71
UGC 1104     11.11      -16.08  22.80            20.48            21.06            0.44    8.3       63
UGC 1175     11.32      -14.13  23.82            22.50            22.55            0.51    9.2       38
UGC 1281      4.58      -14.91  23.44            21.69            23.93            0.92   41.6       84
UGC 1501      4.83      -16.27  23.45            21.43            22.64            1.28   54.6       75
UGC 2023     10.17      -16.54  23.99            23.08            22.82            1.57   31.8       26
UGC 2345     20.30      -17.33  24.13            22.76            22.69            2.38   24.2       31
UGC 2603     36.53      -18.38  24.93            23.45            22.68            3.86   21.8       61
UGCA 61      21.87      -17.92  23.90            22.39            24.46            4.12   38.8       82
UGC 3371     13.38      -16.92  24.63            24.24            24.21            3.65   56.3       55
UGC 3647     19.67      -17.06  24.13            21.86            21.79            1.44   15.1       32
UGC 3672     12.66      -15.43  24.28            22.31            22.62            0.87   14.1       56
UGC 4117     10.03      -14.86  23.65            21.87            22.57            0.58   12.0       64
UGC 4121     15.73      -15.90  24.30            22.59            24.36            1.97   25.9       80
UGC 4325      7.65      -16.70  23.82            21.91            22.16            1.25   33.7       49
UGC 5205     17.79      -16.29  23.56            21.90            22.13            0.92   10.7       52
CGCG 007-025 17.79      -15.75  22.90            20.55            20.53            0.37    4.3       39
UGC 5288      5.29      -14.44  23.27            20.50            20.57            0.23    9.1       35
UGC 5414      8.23      -16.39  23.71            21.89            22.43            1.19   29.8       54
UGC 9128       2.5      -12.63  23.70            22.43            22.78            0.24   19.6       49
UGC 9211     10.92      -15.43  24.79            23.34            23.68            1.49   28.2       45
UGC 9219     10.40      -16.33  23.44            21.73            22.60            1.11   22.1       64
UGC 9240      3.74      -14.60  23.33            21.45            21.55            0.34   19.0       28
UGC 9500     22.63      -16.77  24.20            22.91            22.87            2.27   20.7       21
UGC 9992      8.61      -14.97  23.75            22.47            22.84            0.71   17.1       52
UGC 10054    23.00      -18.13  23.64            21.46            22.02            2.28   20.4       61
UGC 10310    12.22      -16.81  24.34            22.51            22.63            1.78   30.0       31
UGC 10351    14.02      -16.06  23.11            20.89            21.35            0.59    8.7       57
UGC 10445    15.08      -17.53  23.52            21.74            21.79            1.49   20.3       33
UGC 10669     9.09      -13.65  24.56            23.72            23.76            0.69   15.7       34
UGC 10792    19.75      -15.56  24.21            23.45            23.87            1.25   13.1       54
UGC 10805    22.82      -17.17  24.45            22.11            21.81            1.20   10.8       31
UGC 10991    22.82      -16.35  24.02            22.85            22.85            1.46   13.2       71
DDO 210       0.95      -10.96  24.37            23.51            24.36            0.18   39.2       68
UGC 11755    18.03      -17.14  22.76            22.48            22.56            1.35   15.4       43
UGC 11782    17.97      -17.44  23.80            21.81            22.19            2.08   23.9       53
UGC 11944    26.48      -17.19  24.00            23.28            24.30            4.32   33.6       71
UGCA 433     13.27      -15.41  24.38            22.77            22.95            1.13   17.6       46
UGC 12212    15.46      -16.35  24.00            22.79            22.93            1.41   18.8       47
UGCA 439     24.37      -16.73  21.93            19.73            19.74            0.30    2.5       36
UGC 12613     0.76      -12.20  24.22            23.46            24.34            0.38  104.4       70
UGC 12713     7.53      -14.76  23.10            21.97            22.56            0.45   12.3       64
UGC 12894     7.89      -13.38  99.00            23.28            23.02            0.42   10.9       37
 
